BioProject	id	Heterogeneous.Selection	Homogeneous.Selection	Dispersal.Limitation	Homogenizing.Dispersal	Drift.and.Others
PRJNA546006	SRR9206622	0	0.095732337	0.687910217	0.003127086	0.21323036
PRJNA546006	SRR9206629	0.000626311	0.342551932	0.443538963	0.001866648	0.211416147
PRJNA546006	SRR9206631	0.002117175	0.1186396	0.566975374	0.003517782	0.308750068
PRJNA546006	SRR9206633	0.001029753	0.214275686	0.553890285	0.006632655	0.224171621
PRJNA546006	SRR9206635	0.035897026	0.10081587	0.724418918	0.013437325	0.125430861
PRJNA546006	SRR9206639	0.003062257	0.221227021	0.566483554	0.002348363	0.206878805
PRJNA546006	SRR9206644	0.073275155	0.05369343	0.250556264	0.000527406	0.621947745
PRJNA546006	SRR9206646	0.087245499	0.03795209	0.506790678	0.001080643	0.36693109
PRJNA546006	SRR9206648	0.026108439	0.074783994	0.202059653	6.99E-05	0.696977979
PRJNA546006	SRR9206652	0.01543697	0.039693453	0.353872567	0.002584523	0.588412486
PRJNA546006	SRR9206657	0.052670369	0.085955225	0.409242423	0.000383025	0.451748958
PRJNA546006	SRR9206661	0.049200261	0.170764683	0.479419609	0.001645584	0.298969864
PRJNA546006	SRR9206665	0.053396938	0.097791769	0.500006341	0.002808539	0.345996413
PRJNA546006	SRR9206669	0.033707976	0.113798017	0.557140089	0.004571896	0.290782022
PRJNA546006	SRR9206672	0.019759327	0.080400655	0.179629931	0.001163695	0.719046392
PRJNA546006	SRR9206674	0	0.126315783	0.19515096	0.000545041	0.677988216
PRJNA546006	SRR9206675	0.016932689	0.044812291	0.578804503	0.002819973	0.356630544
PRJNA546006	SRR9206678	0.046988196	0.079530001	0.479048523	0.001298805	0.393134475
PRJNA546006	SRR9206684	0.00613833	0.112479472	0.555702659	0.002220553	0.323458987
PRJNA546006	SRR9206688	0.045278625	0.037287304	0.528538952	0.000764659	0.38813046
PRJNA546006	SRR9206690	0.0637674	0.109841941	0.26611696	0.001266242	0.559007457
PRJNA546006	SRR9206695	0.022999753	0.196668637	0.234020398	0.001797192	0.544514019
PRJNA546006	SRR9206699	0.018754187	0.108481643	0.323231114	0.001867811	0.547665245
PRJNA546006	SRR9206703	0.037300866	0.101493889	0.324193581	0.000912837	0.536098827
PRJNA546006	SRR9206707	0.006363944	0.099048651	0.529440383	0.000370644	0.364776379
PRJNA546006	SRR9206721	0.024298246	0.183753932	0.288633352	0.003406508	0.499907962
PRJNA546006	SRR9206725	0.026947618	0.134404456	0.326088702	0.000736679	0.511822545
PRJNA546006	SRR9206728	0.045311424	0.07851873	0.27272804	0.003512453	0.599929353
PRJNA546006	SRR9206731	0.01475703	0.151841345	0.281136337	0.001451505	0.550813784
PRJNA546006	SRR9206735	0.022499267	0.101863172	0.502354297	0.001098822	0.372184442
PRJNA546006	SRR9206739	0.022407261	0.103947493	0.345129843	0.001181952	0.52733345
PRJNA546006	SRR9206742	0.041791304	0.076250052	0.084713589	0.000394372	0.796850684
PRJNA546006	SRR9206749	0.03493903	0.218062375	0.190347454	0.004051761	0.55259938
PRJNA546006	SRR9206753	0.074647651	0.047438004	0.293743063	0.000784225	0.583387057
PRJNA546006	SRR9206755	0.028412311	0.085371645	0.526138629	0.003906472	0.356170943
PRJNA546006	SRR9206757	0.029936314	0.21733635	0.147331131	0.001689555	0.60370665
PRJNA546006	SRR9206758	0.021596677	0.105930598	0.162598436	0.001982309	0.707891979
PRJNA546006	SRR9206762	0.052128768	0.130203533	0.465668756	0.001884621	0.350114322
PRJNA546006	SRR9206766	0.031319621	0.098650031	0.378736672	0.001099818	0.490193858
PRJNA546006	SRR9206767	0.048960024	0.102242447	0.242985668	0.001841062	0.603970799
PRJNA546006	SRR9206769	0.11367225	0.098257839	0.114873496	0.000518227	0.672678187
PRJNA546006	SRR9206771	0.01310798	0.047293487	0.259670051	0.012145342	0.66778314
PRJNA546006	SRR9206774	0.02401697	0.115993871	0.124236346	0.0007097	0.735043114
PRJNA546006	SRR9206776	0.018547973	0.148943884	0.12980477	0.000835321	0.701868052
PRJNA546006	SRR9206778	0.028274289	0.188447549	0.227962747	0.000553715	0.554761701
PRJNA546006	SRR9206780	0.041565946	0.088332906	0.134656121	0.001293241	0.734151787
PRJNA546006	SRR9206782	0.033791105	0.091723674	0.115876713	0.00142548	0.757183028
PRJNA546006	SRR9206783	0.05999702	0.181100216	0.348340964	0.002054557	0.408507243
PRJNA546006	SRR9206791	0.017312026	0.26304084	0.284702917	0.000937889	0.434006327
PRJNA546006	SRR9206795	0.020880181	0.15612743	0.201329926	0.000772021	0.620890442
PRJNA546006	SRR9206797	0.022526742	0.172599279	0.363935487	0.001340693	0.439597799
PRJNA546006	SRR9206798	0.019152427	0.145760668	0.405588426	0.001035419	0.42846306
PRJNA546006	SRR9206800	0.026236297	0.120932489	0.100016373	0.000781979	0.752032862
PRJNA546006	SRR9206802	0.090900674	0.230418649	0.283462299	0.000936544	0.394281834
PRJNA546006	SRR9206805	0.044097375	0.204613573	0.181308911	0.002406487	0.567573653
PRJNA546006	SRR9206808	0.025369696	0.27473094	0.119538226	0.001901867	0.578459272
PRJNA546006	SRR9206811	0.020719109	0.189040431	0.149667464	0.002209747	0.63836325
PRJNA546006	SRR9206815	0.021917794	0.177756172	0.082966674	0.0002941	0.717065259
PRJNA546006	SRR9206820	0.023792446	0.14412399	0.2750392	0.004235181	0.552809182
PRJNA546006	SRR9206828	0.009289093	0.102037815	0.468152008	0.003292208	0.417228876
PRJNA546006	SRR9206832	0.015019634	0.081678021	0.381489998	0.002883957	0.518928391
PRJNA564811	SRR10097962	0	0.058460018	0.941539982	0	0
PRJNA564811	SRR10097963	0	0.088037015	0.911962985	0	0
PRJNA564811	SRR10097964	0.011369267	0.077656465	0.910974268	0	0
PRJNA564811	SRR10097965	0	0.00745998	0.99254002	0	0
PRJNA564811	SRR10097966	0.008564232	0	0.991435768	0	0
PRJNA564811	SRR10097967	0.001773215	0.02920505	0.969021735	0	0
PRJNA564811	SRR10097968	0.046502207	0.068342268	0.885155525	0	0
PRJNA564811	SRR10097969	0.003940269	0.177235479	0.818824252	0	0
PRJNA564811	SRR10097970	0	0.272848813	0.727151187	0	0
PRJNA564811	SRR10097971	0.092065332	0.212041853	0.695892815	0	0
PRJNA564811	SRR10097972	0.165508652	0.001212147	0.833279201	0	0
PRJNA564811	SRR10097973	0.004713294	0.076542918	0.918743788	0	0
PRJNA564811	SRR10097974	0.035954213	0.104901799	0.859143988	0	0
PRJNA564811	SRR10097976	0.012792429	0.150068708	0.837138863	0	0
PRJNA564811	SRR10097977	0.030221663	0.347619529	0.622158808	0	0
PRJNA564811	SRR10097978	0.0225113	0.150088588	0.827400112	0	0
PRJNA564811	SRR10097980	0.002279777	0.033571725	0.964148497	0	0
PRJNA564811	SRR10097981	0.008507449	0.077460988	0.914031564	0	0
PRJNA564811	SRR10097983	0.082258266	0.04219702	0.875544714	0	0
PRJNA564811	SRR10097985	0.039912546	0.050152568	0.909934886	0	0
PRJNA564811	SRR10097986	0.030400097	0.271104835	0.698423043	0	7.20E-05
PRJNA564811	SRR10097987	0.03680259	0.084802071	0.878395339	0	0
PRJNA564811	SRR10097989	0.043293085	0.089801097	0.866905819	0	0
PRJNA564811	SRR10097990	0.041228919	0.066090087	0.892680993	0	0
PRJNA564811	SRR10097991	0.031155797	0.105853031	0.862991172	0	0
PRJNA564811	SRR10097992	0.036575828	0.10080981	0.862614362	0	0
PRJNA564811	SRR10097993	0.009322853	0.092382161	0.898294986	0	0
PRJNA564811	SRR10097994	0.019890292	0.094962682	0.885147025	0	0
PRJNA564811	SRR10097995	0.029029413	0.076397845	0.894572743	0	0
PRJNA564811	SRR10097996	0.023743651	0.045481493	0.930774857	0	0
PRJNA564811	SRR10097997	0.075407758	0.14504356	0.779548682	0	0
PRJNA564811	SRR10097998	0.001582881	0.057278623	0.941138495	0	0
PRJNA564811	SRR10097999	0.028477234	0.054538904	0.916959812	0	2.41E-05
PRJNA564811	SRR10098000	0.028926407	0.061937423	0.90913617	0	0
PRJNA564811	SRR10098001	0.022585219	0.077980978	0.899433803	0	0
PRJNA564811	SRR10098002	0.05757715	0.056801199	0.885621651	0	0
PRJNA564811	SRR10098003	0.045139677	0.072204222	0.882656101	0	0
PRJNA564811	SRR10098004	0.016036205	0.032606309	0.951357486	0	0
PRJNA564811	SRR10098005	0.016331644	0.047509722	0.936158634	0	0
PRJNA564811	SRR10098006	0.016282628	0.16579602	0.817921352	0	0
PRJNA564811	SRR10098007	0.018000543	0.128077994	0.853921463	0	0
PRJNA564811	SRR10098008	0.013035667	0.197178381	0.789785952	0	0
PRJNA564811	SRR10098009	0.021804635	0.046204491	0.931990874	0	0
PRJNA564811	SRR10098010	0.020831946	0.033098387	0.946069667	0	0
PRJNA564811	SRR10098011	0.007223669	0.155255722	0.837344242	0	0.000176367
PRJNA564811	SRR10098012	0.013098195	0.194244796	0.792612657	0	4.44E-05
PRJNA564811	SRR10098013	0.008094801	0.105392895	0.886159738	0	0.000352566
PRJNA564811	SRR10098014	0.011032733	0.079681542	0.909032298	0	0.000253427
PRJNA564811	SRR10098015	0.074657544	0.115523243	0.809819213	0	0
PRJNA564811	SRR10098016	0.020170378	0.096010343	0.883819279	0	0
PRJNA564811	SRR10098017	0.004767679	0.136243812	0.858406194	0	0.000582315
PRJNA564811	SRR10098019	0.017969516	0.107770611	0.874259872	0	0
PRJNA564811	SRR10098020	0.049087339	0.076228793	0.874683868	0	0
PRJNA564811	SRR10098021	0.024839352	0.074282975	0.900877673	0	0
PRJNA564811	SRR10098022	0.022500692	0.050941329	0.92655798	0	0
PRJNA564811	SRR10098023	0.009033357	0.086877626	0.904089017	0	0
PRJNA564811	SRR10098024	0.010151641	0.096280489	0.890382459	0	0.003185411
PRJNA564811	SRR10098025	0.005590171	0.111788439	0.882216043	0	0.000405348
PRJNA564811	SRR10098026	0.003710879	0.137651363	0.858637757	0	0
PRJNA564811	SRR10098027	0.032359456	0.131679779	0.835960765	0	0
PRJNA564811	SRR10098029	0.011665601	0.210445283	0.777889116	0	0
PRJNA564811	SRR10098030	0.006131958	0.145764214	0.848103828	0	0
PRJNA564811	SRR10098031	0.019902624	0.112872142	0.867225234	0	0
PRJNA564811	SRR10098032	0.021520251	0.103961239	0.87451851	0	0
PRJNA564811	SRR10098033	0.019545432	0.197293802	0.783160765	0	0
PRJNA564811	SRR10098034	0.076842607	0.201009444	0.722147949	0	0
PRJNA564811	SRR10098035	0.08785897	0.149469006	0.762672024	0	0
PRJNA564811	SRR10098036	0.017858177	0.134895372	0.847246451	0	0
PRJNA564811	SRR10098037	0.028335256	0.1191414	0.852523344	0	0
PRJNA564811	SRR10098038	0.07746266	0.143989304	0.778548036	0	0
PRJNA564811	SRR10098039	0.073798135	0.158582983	0.767618882	0	0
PRJNA564811	SRR10098040	0.018124188	0.113202468	0.868519158	0	0.000154186
PRJNA564811	SRR10098041	0.019292129	0.116307535	0.864400336	0	0
PRJNA564811	SRR10098043	0.013011363	0.095860904	0.891127733	0	0
PRJNA564811	SRR10098047	0.024911987	0.06064856	0.914439453	0	0
PRJNA564811	SRR10098048	0.012973192	0.066987087	0.920039721	0	0
PRJNA564811	SRR10098049	0.014033922	0.069027996	0.916938082	0	0
PRJNA564811	SRR10098050	0.034262116	0.195155765	0.770582118	0	0
PRJNA564811	SRR10098051	0.033990892	0.196253612	0.769755496	0	0
PRJNA564811	SRR10098052	0.010471877	0.072720325	0.916807798	0	0
PRJNA564811	SRR10098053	0.005534992	0.067266159	0.927198849	0	0
PRJNA564811	SRR10098054	0.012763	0.100206556	0.887030445	0	0
PRJNA564811	SRR10098055	0.026799943	0.061308132	0.911891925	0	0
PRJNA564811	SRR10098056	0.050218123	0.075771793	0.874010084	0	0
PRJNA564811	SRR10098057	0.022000511	0.137733612	0.840265877	0	0
PRJNA564811	SRR10098058	0.012036487	0.15615473	0.831808783	0	0
PRJNA564811	SRR10098059	0.021434429	0.094681379	0.883884192	0	0
PRJNA564811	SRR10098060	0.013284113	0.096525315	0.890190572	0	0
PRJNA564811	SRR10098061	0.020655355	0.12403173	0.855312915	0	0
PRJNA564811	SRR10098062	0.021024544	0.168777916	0.81019754	0	0
PRJNA564811	SRR10098063	0.003623139	0.090232451	0.906140007	0	4.40E-06
PRJNA564811	SRR10098064	0.018604212	0.080959871	0.900435917	0	0
PRJNA564811	SRR10098065	0.015437845	0.166042089	0.818520066	0	0
PRJNA564811	SRR10098066	0.015330712	0.105684673	0.878984614	0	0
PRJNA564811	SRR10098067	0.011234149	0.070750214	0.918015637	0	0
PRJNA564811	SRR10098068	0.013007927	0.116151282	0.87084079	0	0
PRJNA564811	SRR10098069	0.010263431	0.079131759	0.910216786	0	0.000388023
PRJNA564811	SRR10098070	0.044464468	0.057660951	0.897743274	0	0.000131306
PRJNA564811	SRR10098071	0.041487341	0.022206356	0.936298286	0	8.02E-06
PRJNA564811	SRR10098072	0.019689953	0.022794405	0.957507705	0	7.94E-06
PRJNA564811	SRR10098073	0.024091509	0.243882519	0.731951763	0	7.42E-05
PRJNA564811	SRR10098074	0.018585318	0.167468934	0.813945748	0	0
PRJNA564811	SRR10098075	0.015191675	0.099665336	0.88514299	0	0
PRJNA564811	SRR10098076	0.014875769	0.101306791	0.88381744	0	0
PRJNA564811	SRR10098077	0.011019825	0.06874304	0.920237134	0	0
PRJNA564811	SRR10098078	0.019967422	0.063259245	0.916773333	0	0
PRJNA564811	SRR10098079	0.093704095	0.203733185	0.702546415	0	1.63E-05
PRJNA564811	SRR10098080	0.007680342	0.044583133	0.947736524	0	0
PRJNA564811	SRR10098081	0.009088483	0.067303718	0.923566765	0	4.10E-05
PRJNA564811	SRR10098082	0.017071942	0.069440768	0.913487291	0	0
PRJNA564811	SRR10098083	0.004785579	0.091806881	0.90340754	0	0
PRJNA564811	SRR10098086	0.123933125	0.040541564	0.835525311	0	0
PRJNA564811	SRR10098087	0.045855118	0.042643009	0.911494695	0	7.18E-06
PRJNA564811	SRR10098088	0.005695358	0.11745202	0.876791758	0	6.09E-05
PRJNA564811	SRR10098089	0.016426149	0.078218228	0.905333466	0	2.22E-05
PRJNA564811	SRR10098090	0.037062413	0.164589305	0.798348283	0	0
PRJNA564811	SRR10098091	0.015332604	0.130118079	0.854549316	0	0
PRJNA564811	SRR10098092	0.02359073	0.06900062	0.90740865	0	0
PRJNA564811	SRR10098093	0.025047334	0.157503457	0.817449209	0	0
PRJNA564811	SRR10098094	0.061161783	0.103285849	0.835552368	0	0
PRJNA564811	SRR10098096	0.023043313	0.122146139	0.854810547	0	0
PRJNA564811	SRR10098097	0.019645522	0.100641151	0.879713327	0	0
PRJNA564811	SRR10098098	0.089335555	0.122409658	0.788254786	0	0
PRJNA564811	SRR10098099	0.024370305	0.163424238	0.812205458	0	0
PRJNA564811	SRR10098100	0.021234708	0.060634156	0.918131137	0	0
PRJNA564811	SRR10098101	0.018156123	0.062074159	0.919769718	0	0
PRJNA564811	SRR10098102	0.021197492	0.086342983	0.892459525	0	0
PRJNA564811	SRR10098103	0.008942963	0.070337072	0.920719965	0	0
PRJNA564811	SRR10098104	0.009274943	0.080943373	0.909781684	0	0
PRJNA564811	SRR10098105	0.011325926	0.087877045	0.900797029	0	0
PRJNA564811	SRR10098106	0.025972857	0.075003013	0.89902413	0	0
PRJNA564811	SRR10098107	0.043121925	0.071249158	0.885628917	0	0
PRJNA564811	SRR10098108	0.022726496	0.076339569	0.900933935	0	0
PRJNA564811	SRR10098109	0.08850953	0.140337489	0.771152981	0	0
PRJNA564811	SRR10098110	0.113743394	0.078178386	0.80807822	0	0
PRJNA564811	SRR10098111	0.028221746	0.155372769	0.816405485	0	0
PRJNA564811	SRR10098112	0.05348525	0.195636432	0.750878318	0	0
PRJNA564811	SRR10098113	0.164446034	0.081082459	0.754371439	0	0.000100068
PRJNA564811	SRR10098115	0.01685738	0.101421256	0.881721364	0	0
PRJNA564811	SRR10098116	0.014764479	0.070558845	0.914676676	0	0
PRJNA564811	SRR10098117	0.015430053	0.094822829	0.889513669	0	0.000233449
PRJNA564811	SRR10098119	0.019815477	0.156101229	0.824083294	0	0
PRJNA564811	SRR10098120	0.024881766	0.109242392	0.86573606	0	0.000139783
PRJNA564811	SRR10098121	0.019896446	0.124582928	0.855520626	0	0
PRJNA564811	SRR10098122	0.023555298	0.111105339	0.865339363	0	0
PRJNA564811	SRR10098123	0.016084869	0.083756242	0.900158889	0	0
PRJNA564811	SRR10098124	0.048073913	0.2314018	0.720338931	0	0.000185357
PRJNA564811	SRR10098125	0.012017565	0.139702858	0.84808147	0	0.000198107
PRJNA564811	SRR10098127	0.012253693	0.070702043	0.917044264	0	0
PRJNA564811	SRR10098128	0.016730545	0.09469096	0.888578495	0	0
PRJNA564811	SRR10098129	0.01083898	0.071908984	0.917252036	0	0
PRJNA564811	SRR10098130	0.059861897	0.020298623	0.918596894	0	0.001242586
PRJNA564811	SRR10098131	0.054665604	0.074721625	0.869909367	0	0.000703404
PRJNA564811	SRR10098132	0.039254212	0.118909009	0.841711743	0	0.000125036
PRJNA564811	SRR10098133	0.016516948	0.202172545	0.781172531	0	0.000137977
PRJNA564811	SRR10098134	0.029522612	0.115949003	0.854528385	0	0
PRJNA564811	SRR10098138	0.018234825	0.055714842	0.926050334	0	0
PRJNA564811	SRR10098139	0.022558943	0.056296609	0.921144448	0	0
PRJNA564811	SRR10098140	0.045206931	0.103264436	0.851528633	0	0
PRJNA564811	SRR10098141	0.020852402	0.142394773	0.836741969	0	1.09E-05
PRJNA564811	SRR10098145	0.01884458	0.070420153	0.910533965	0	0.000201301
PRJNA564811	SRR10098146	0.024308206	0.077524135	0.89800997	0	0.000157688
PRJNA564811	SRR10098148	0.037214136	0.104090543	0.858581925	0	0.000113396
PRJNA564811	SRR10098152	0.039823649	0.18226424	0.777912111	0	0
PRJNA564811	SRR10098153	0.047874293	0.205728898	0.746396809	0	0
PRJNA564811	SRR10098154	0.015016466	0.10636114	0.878622394	0	0
PRJNA564811	SRR10098155	0.015682013	0.089285726	0.895032261	0	0
PRJNA564811	SRR10098156	0.014014523	0.131116613	0.854868865	0	0
PRJNA564811	SRR10098157	0.020133374	0.12788474	0.851981886	0	0
PRJNA564811	SRR10098158	0.046845258	0.145710583	0.807444159	0	0
PRJNA564811	SRR10098159	0.031032529	0.10150351	0.867462304	0	1.66E-06
PRJNA564811	SRR10098160	0.013345928	0.151581429	0.835072642	0	0
PRJNA564811	SRR10098161	0.065825646	0.109521534	0.824568375	0	8.44E-05
PRJNA564811	SRR10098162	0.111168354	0.097340807	0.791474951	0	1.59E-05
PRJNA564811	SRR10098163	0.064476184	0.152901613	0.782622203	0	0
PRJNA564811	SRR10098164	0.097972686	0.057147564	0.844879751	0	0
PRJNA564811	SRR10098165	0.053411832	0.109189934	0.837314978	0	8.33E-05
PRJNA564811	SRR10098166	0.013535553	0.139246635	0.847110551	0	0.000107261
PRJNA564811	SRR10098169	0.0206972	0.041046963	0.938255837	0	0
PRJNA564811	SRR10098170	0.018041271	0.052211446	0.929747283	0	0
PRJNA564811	SRR10098171	0.018234242	0.064014801	0.917750956	0	0
PRJNA564811	SRR10098172	0.057441804	0.094321045	0.848237151	0	0
PRJNA564811	SRR10098173	0.019839737	0.098123785	0.882036479	0	0
PRJNA564811	SRR10098174	0.031614771	0.085835315	0.882359894	0	0.00019002
PRJNA564811	SRR10098175	0.041676039	0.079159099	0.879164863	0	0
PRJNA564811	SRR10098176	0.018206679	0.073492702	0.908300618	0	0
PRJNA564811	SRR10098177	0.017649728	0.085221234	0.896601788	0	0.000527251
PRJNA564811	SRR10098178	0.027725663	0.253952565	0.718260313	0	6.15E-05
PRJNA564811	SRR10098179	0.077231928	0.251592483	0.671048577	0	0.000127012
PRJNA564811	SRR10098181	0.021976215	0.207252896	0.770750313	0	2.06E-05
PRJNA564811	SRR10098182	0.05841666	0.068781492	0.872801848	0	0
PRJNA564811	SRR10098183	0.014803464	0.2778758	0.707187155	0	0.000133581
PRJNA564811	SRR10098184	0.038171389	0.095651152	0.866177459	0	0
PRJNA564811	SRR10098185	0.069622555	0.240118762	0.690234931	0	2.38E-05
PRJNA718337	SRR14144811	0	0.224637831	0.105961791	0	0.669400378
PRJNA718337	SRR14144812	0.003571608	0.116983995	0.098294865	0	0.781149533
PRJNA718337	SRR14144813	0.002381072	0.148969494	0.108004351	0	0.740645083
PRJNA718337	SRR14144814	0.025043881	0.163086273	0.061181801	0	0.750688045
PRJNA718337	SRR14144815	0.011313577	0.148374268	0.066879984	0	0.773432171
PRJNA718337	SRR14144816	0.007752692	0.190901968	0.151328385	0	0.650016955
PRJNA718337	SRR14144818	0.007959938	0.168852766	0.180371223	0.001695326	0.641120747
PRJNA718337	SRR14144819	0.005824164	0.235926122	0.15197494	0.000374372	0.605900401
PRJNA718337	SRR14144820	0.026751427	0.235953542	0.199077428	0.002256905	0.535960698
PRJNA718337	SRR14144821	0.006572417	0.176442187	0.10791959	0.00107674	0.707989066
PRJNA718337	SRR14144822	0.005157578	0.136282752	0.0621394	0	0.796420269
PRJNA718337	SRR14144823	0.015571623	0.102925028	0.105665621	0.01144389	0.764393839
PRJNA718337	SRR14144824	0.004988344	0.093312954	0.196945295	0.005921844	0.698831564
PRJNA718337	SRR14144825	0.004627169	0.174453262	0.231718037	0	0.589201533
PRJNA718337	SRR14144826	0.016864161	0.310102678	0.209389278	0.008629197	0.455014685
PRJNA718337	SRR14144827	0.045156306	0.337539955	0.164502186	0.004254169	0.448547385
PRJNA718337	SRR14144828	0.020495799	0.170257633	0.17125002	5.60E-05	0.637940557
PRJNA718337	SRR14144829	0.016147975	0.180495181	0.239305352	0.003465879	0.560585612
PRJNA718337	SRR14144830	0.012850928	0.127396029	0.138387537	0.000217383	0.721148123
PRJNA718337	SRR14144832	0.006125464	0.252286878	0.143532969	1.72E-05	0.598037499
PRJNA718337	SRR14144834	0.006947374	0.230327784	0.090593681	0.000656356	0.671474805
PRJNA718337	SRR14144835	0.009189251	0.16068696	0.084349298	2.94E-05	0.745745081
PRJNA718337	SRR14144836	0.006300777	0.422017575	0.045753522	0.000135647	0.525792479
PRJNA718337	SRR14144837	0.008105232	0.184378622	0.161119972	3.29E-05	0.646363297
PRJNA718337	SRR14144838	0.002677889	0.229791415	0.094939909	0.00512706	0.667463728
PRJNA718337	SRR14144839	0.013236732	0.290162869	0.19996867	0.00024676	0.496384969
PRJNA718337	SRR14144840	0.009497685	0.221572371	0.134609874	0.00132513	0.632994941
PRJNA718337	SRR14144841	0.006701415	0.196101679	0.111020403	0.007520438	0.678656065
PRJNA718337	SRR14144842	0.061422565	0.12008533	0.198746079	0.000255168	0.619490859
PRJNA718337	SRR14144843	0.006220281	0.194390488	0.228584644	0.001178929	0.569625659
PRJNA718337	SRR14144844	0.00527299	0.222623623	0.082029317	0.001992964	0.688081106
PRJNA718337	SRR14144845	0.002827371	0.32291002	0.154319472	0.002119177	0.51782396
PRJNA718337	SRR14144846	0.011017449	0.305525119	0.09586511	0.000619645	0.586972677
PRJNA718337	SRR14144847	0.006044399	0.277462669	0.203609221	0.001593373	0.511290339
PRJNA718337	SRR14144848	0.001951623	0.433653208	0.204127492	0.000399858	0.359867819
PRJNA718337	SRR14144849	0.036527792	0.333642286	0.120216982	0.00204172	0.507571219
PRJNA718337	SRR14144850	0.010410318	0.312101042	0.224654322	0.014497455	0.438336863
PRJNA718337	SRR14144851	0.00585337	0.143204481	0.206373837	0.001499659	0.643068653
PRJNA718337	SRR14144852	0.018104568	0.27603245	0.154023683	0.002040893	0.549798405
PRJNA718337	SRR14144853	0.011890878	0.312575692	0.042739113	0.002543269	0.630251048
PRJNA718337	SRR14144854	0.009305769	0.328970811	0.04840774	0.001755504	0.611560177
PRJNA718337	SRR14144855	0.006486115	0.228161358	0.132364717	0.000470591	0.63251722
PRJNA718337	SRR14144856	0.004180677	0.305149809	0.085443783	7.21E-05	0.605153598
PRJNA718337	SRR14144857	0.006834534	0.157457506	0.17622126	0.000234481	0.659252219
PRJNA718337	SRR14144858	0.003771231	0.279710248	0.180218548	0.000105623	0.536194351
PRJNA718337	SRR14144859	0.007657703	0.18437665	0.20881316	0.001928447	0.59722404
PRJNA718337	SRR14144860	0.010108443	0.442293481	0.186794656	0.003170732	0.357632688
PRJNA718337	SRR14144861	0.005747753	0.284616076	0.195470895	0.001218348	0.512946928
PRJNA718337	SRR14144862	0.030750311	0.182143397	0.206593604	0.008295235	0.572217452
PRJNA718337	SRR14144863	0.010897272	0.235511576	0.184048861	0.004110625	0.565431666
PRJNA718337	SRR14144864	0.004593527	0.278187613	0.209605955	0.000510458	0.507102446
PRJNA718337	SRR14144865	0.006012912	0.279949209	0.347520049	0.002734831	0.363782999
PRJNA718337	SRR14144866	0.008357992	0.369235137	0.141069275	0.000598625	0.480738971
PRJNA718337	SRR14144867	0.009472318	0.21658676	0.236978079	0.000710437	0.536252406
PRJNA718337	SRR14144868	0.019719064	0.270459406	0.258504917	0.002586408	0.448730204
PRJNA718337	SRR14144869	0.018303983	0.210916034	0.356953837	0.003327994	0.410498153
PRJNA718337	SRR14144870	0.015297604	0.236255187	0.271460234	0.00108641	0.475900564
PRJNA718337	SRR14144871	0.009605975	0.244128433	0.199960614	8.20E-06	0.546296773
PRJNA718337	SRR14144872	0.008231423	0.421424619	0.216522539	0.000783223	0.353038196
PRJNA718337	SRR14144873	0.004019991	0.255617182	0.283254582	0.002472053	0.454636191
PRJNA718337	SRR14144874	0.006304871	0.273657358	0.309173436	0.001130829	0.409733505
PRJNA718337	SRR14144875	0.00924975	0.267794011	0.230100541	0.004002112	0.488853587
PRJNA718337	SRR14144876	0.018439659	0.212091906	0.272245325	0.000544382	0.496678728
PRJNA718337	SRR14144877	0.006161785	0.350721845	0.270296663	0.001786555	0.371033152
PRJNA718337	SRR14144878	0.006245724	0.292304208	0.238980989	0.000390926	0.462078154
PRJNA718337	SRR14144879	0.00671006	0.279225726	0.263714245	0.000395787	0.449954182
PRJNA718337	SRR14144880	0.013262153	0.079069139	0.40549545	0.004561217	0.497612041
PRJNA718337	SRR14144881	0.006744509	0.24138503	0.256947195	0.001919401	0.493003866
PRJNA718337	SRR14144882	0.012032173	0.208195914	0.288853461	0.000504717	0.490413734
PRJNA718337	SRR14144883	0.006480007	0.169857689	0.329069962	0.001791036	0.492801307
PRJNA718337	SRR14144884	0.015066447	0.274537847	0.336376988	0.004635759	0.369382959
PRJNA718337	SRR14144885	0.008517498	0.150047118	0.295262018	0.002077919	0.544095447
PRJNA718337	SRR14144886	0.017522648	0.190434507	0.338747257	0.002512368	0.45078322
PRJNA718337	SRR14144887	0.016636247	0.174018711	0.351476805	0.002509905	0.455358332
PRJNA718337	SRR14144888	0.008446193	0.193954917	0.334285878	0.0038557	0.459457312
PRJNA718337	SRR14144889	0.007506809	0.267647602	0.251137888	0.002067771	0.471639929
PRJNA718337	SRR14144890	0.00638362	0.29390748	0.317107742	0.000393851	0.382207307
PRJNA718337	SRR14144891	0.006020036	0.295453129	0.22438968	0.000822633	0.473314522
PRJNA718337	SRR14144892	0.007080884	0.299390917	0.214249144	0.000943523	0.478335533
PRJNA718337	SRR14144893	0.022738119	0.227107019	0.307386043	0.000953884	0.441814935
PRJNA718337	SRR14144894	0.005087989	0.211683957	0.329726885	0.003428069	0.450073099
PRJNA718337	SRR14144895	0.00878199	0.301616332	0.345538671	0.004596588	0.339466419
PRJNA718337	SRR14144896	0.003118903	0.213432487	0.335405323	0.00179238	0.446250908
PRJNA718337	SRR14144897	0.010549279	0.326317592	0.32230342	0.001394814	0.339434895
PRJNA718337	SRR14144898	0.007188337	0.301883639	0.279540852	0.002317331	0.409069842
PRJNA718337	SRR14144899	0.015854067	0.335607689	0.211727393	0.000720047	0.436090803
PRJNA718337	SRR14144900	0.011515139	0.186103688	0.366561529	0.00197007	0.433849574
PRJNA718337	SRR14144901	0.006203655	0.352919247	0.292494554	0.002834413	0.345548131
PRJNA718337	SRR14144902	0.007236927	0.315766119	0.261750579	0.001976215	0.41327016
PRJNA718337	SRR14144903	0.002921408	0.204339261	0.425474209	0.003157008	0.364108114
PRJNA718337	SRR14144904	0.024022333	0.204922841	0.385874968	0.003535063	0.381644796
PRJNA718337	SRR14144905	0.013722642	0.240357586	0.344948018	0.002049676	0.398922078
PRJNA718337	SRR14144906	0.023500679	0.128372903	0.424901654	0.003326551	0.419898213
PRJNA718337	SRR14144907	0.054091894	0.187456081	0.349293783	0.003478577	0.405679666
PRJNA761493	SRR15809807	0.086185966	0.432235224	0.327718004	0.059629551	0.094231254
PRJNA761493	SRR15809808	0.075707359	0.524135246	0.24207198	0.062978786	0.095106629
PRJNA761493	SRR15809810	0.074706682	0.522989993	0.266141971	0.05853457	0.077626784
PRJNA761493	SRR15809812	0.079944706	0.404230673	0.334951651	0.077778326	0.103094645
PRJNA761493	SRR15809814	0.048954308	0.48999436	0.311715864	0.058511345	0.090824122
PRJNA761493	SRR15809816	0.0628013	0.433443835	0.317957713	0.079981223	0.105815929
PRJNA761493	SRR15809818	0.053478941	0.484686224	0.286202506	0.083856684	0.091775645
PRJNA761493	SRR15809820	0.135806817	0.413620757	0.261394204	0.086464904	0.102713317
PRJNA761493	SRR15809824	0.127149219	0.462332252	0.199274944	0.097578932	0.113664652
PRJNA761493	SRR15809827	0.107371729	0.400479614	0.267133548	0.119565916	0.105449194
PRJNA761493	SRR15809829	0.059299837	0.379986541	0.347864958	0.080769963	0.132078701
PRJNA761493	SRR15809831	0.106582305	0.363724646	0.290889035	0.104240628	0.134563386
PRJNA761493	SRR15809833	0.088629983	0.427112969	0.310313072	0.08603359	0.087910386
PRJNA761493	SRR15809835	0.086673394	0.401093181	0.284690554	0.093299201	0.13424367
PRJNA761493	SRR15809837	0.14831628	0.35112222	0.261854059	0.101416323	0.137291118
PRJNA761493	SRR15809839	0.059790057	0.468558679	0.286536607	0.062087757	0.1230269
PRJNA761493	SRR15809841	0.102796111	0.379681396	0.305733476	0.104090772	0.107698246
PRJNA761493	SRR15809843	0.106289773	0.428120776	0.267340026	0.076590659	0.121658766
PRJNA761493	SRR15809847	0.076144546	0.40167678	0.263560769	0.103828254	0.154789652
PRJNA761493	SRR15809849	0.118358225	0.416345801	0.29435039	0.080422794	0.09052279
PRJNA761493	SRR15809851	0.098305158	0.407389894	0.307715616	0.072880151	0.113709181
PRJNA761493	SRR15809853	0.096117984	0.414667936	0.225001461	0.105111005	0.159101614
PRJNA761493	SRR15809855	0.09745648	0.443038988	0.270024589	0.090288544	0.099191398
PRJNA761493	SRR15809857	0.086459205	0.437091528	0.264777314	0.101257658	0.110414294
PRJNA761493	SRR15809859	0.125422712	0.368716463	0.274367178	0.062115329	0.169378319
PRJNA761493	SRR15809861	0.124323188	0.346568539	0.27262404	0.104685276	0.151798956
PRJNA761493	SRR15809863	0.140647427	0.393010244	0.287124858	0.084650753	0.094566717
PRJNA761493	SRR15809865	0.115267696	0.445575607	0.260936048	0.080968734	0.097251915
PRJNA761493	SRR15809869	0.087956306	0.315663352	0.337440308	0.102620462	0.156319572
PRJNA761493	SRR15809871	0.0695026	0.381037015	0.293374534	0.100761675	0.155324177
PRJNA761493	SRR15809873	0.078245676	0.401887313	0.281642697	0.111598365	0.126625949
PRJNA761493	SRR15809875	0.111378197	0.415247308	0.246665742	0.110208206	0.116500546
PRJNA761493	SRR15809877	0.088283975	0.429457052	0.280292328	0.089275567	0.112691079
PRJNA761493	SRR15809879	0.09822447	0.360902303	0.304325368	0.100705421	0.135842437
PRJNA761493	SRR15809881	0.102964824	0.439235367	0.278415443	0.083040875	0.09634349
PRJNA761493	SRR15809883	0.121827396	0.335085787	0.312229202	0.086688853	0.144168762
PRJNA761493	SRR15809885	0.090625678	0.416685698	0.251231492	0.104476689	0.136980442
PRJNA761493	SRR15809887	0.0769246	0.391748556	0.320106025	0.078405728	0.132815091
PRJNA761493	SRR15809893	0.148481944	0.301301198	0.284745618	0.108173007	0.157298233
PRJNA761493	SRR15809895	0.128456612	0.369319532	0.258740872	0.084986923	0.158496061
PRJNA761493	SRR15809897	0.091342979	0.355235086	0.318717948	0.109375623	0.125328364
PRJNA761493	SRR15809899	0.118668037	0.347080885	0.273944808	0.127929198	0.132377071
PRJNA761493	SRR15809901	0.171180228	0.349420672	0.230612476	0.092063853	0.15672277
PRJNA761493	SRR15809903	0.154870502	0.293308653	0.240248511	0.121553872	0.190018462
PRJNA761493	SRR15809905	0.073516984	0.402287308	0.250225687	0.117408622	0.156561399
PRJNA761493	SRR15809907	0.126445786	0.389566847	0.279164002	0.083483772	0.121339593
PRJNA761493	SRR15809909	0.103150477	0.342828368	0.310631205	0.104715135	0.138674815
PRJNA761493	SRR15809911	0.089795	0.403522066	0.2715022	0.11412222	0.121058515
PRJNA761493	SRR15809915	0.104729194	0.329454635	0.269357466	0.140565146	0.155893559
PRJNA761493	SRR15809918	0.116979455	0.391082467	0.26868406	0.076487743	0.146766275
PRJNA761493	SRR15809920	0.079544711	0.356631137	0.333110228	0.093058773	0.137655151
PRJNA761493	SRR15809922	0.079530074	0.421781588	0.240839168	0.090118014	0.167731156
PRJNA761493	SRR15809924	0.087369421	0.437649212	0.286615045	0.091209417	0.097156905
PRJNA761493	SRR15809926	0.098463178	0.39663616	0.285315571	0.092713216	0.126871875
PRJNA761493	SRR15809929	0.119207092	0.341561138	0.291924478	0.082511807	0.164795485
PRJNA761493	SRR15809931	0.130040414	0.339205769	0.324892403	0.070788986	0.135072428
PRJNA761493	SRR15809933	0.214146564	0.325302016	0.265080577	0.076710568	0.118760275
PRJNA761493	SRR15809935	0.088918817	0.414313328	0.289908658	0.086081995	0.120777202
PRJNA761493	SRR15809939	0.085364803	0.348924866	0.333843777	0.112211511	0.119655043
PRJNA761493	SRR15809941	0.089180255	0.311834938	0.33632923	0.086104146	0.176551431
PRJNA761493	SRR15809943	0.083503589	0.327663882	0.346469166	0.084289849	0.158073513
PRJNA761493	SRR15809945	0.125183347	0.417412357	0.24839431	0.09315373	0.115856257
PRJNA761493	SRR15810168	0.133134853	0.243495345	0.242852932	0.072182162	0.308334707
PRJNA761493	SRR15810170	0.127731629	0.309029628	0.278135017	0.076784282	0.208319444
PRJNA761493	SRR15810174	0.159780699	0.273045041	0.255742732	0.072949645	0.238481883
PRJNA761493	SRR15810176	0.187860712	0.2754821	0.192648566	0.031216316	0.312792306
PRJNA761493	SRR15810178	0.103736299	0.244653759	0.256160005	0.06772138	0.327728558
PRJNA761493	SRR15810180	0.160141008	0.260764714	0.330433761	0.044008406	0.204652112
PRJNA761493	SRR15810182	0.173636061	0.284975488	0.290967132	0.053810218	0.196611102
PRJNA761493	SRR15810184	0.139388707	0.325535776	0.281680681	0.07936676	0.174028075
PRJNA761493	SRR15810186	0.181647225	0.285071261	0.258312199	0.070107322	0.204861994
PRJNA761493	SRR15810188	0.147902665	0.253285539	0.251640077	0.032063363	0.315108355
PRJNA761493	SRR15810190	0.152576809	0.227826868	0.276672489	0.059448062	0.283475772
PRJNA761493	SRR15810192	0.153635151	0.296364712	0.256471612	0.057701581	0.235826944
PRJNA761493	SRR15810196	0.107543032	0.290879927	0.340001826	0.063834025	0.197741191
PRJNA761493	SRR15810198	0.128883001	0.302136768	0.297147553	0.06357362	0.208259057
PRJNA761493	SRR15810200	0.152046751	0.239787703	0.331489789	0.061512877	0.21516288
PRJNA761493	SRR15810202	0.095353256	0.295843954	0.300370103	0.059716381	0.248716306
PRJNA761493	SRR15810204	0.141328567	0.23718736	0.318551098	0.057657537	0.245275438
PRJNA761493	SRR15810206	0.134916481	0.331718587	0.265765842	0.099705163	0.167893927
PRJNA761493	SRR15810208	0.211804659	0.219642797	0.23065212	0.108602313	0.22929811
PRJNA761493	SRR15810210	0.099712659	0.37006055	0.273851047	0.097564838	0.158810906
PRJNA761493	SRR15810212	0.126796937	0.300697351	0.288558364	0.117631084	0.166316264
PRJNA761493	SRR15810214	0.098253146	0.231348321	0.304168156	0.107514983	0.258715394
PRJNA761493	SRR15810218	0.143785178	0.299882868	0.274232449	0.134053894	0.148045611
PRJNA761493	SRR15810220	0.103435463	0.286488056	0.348780183	0.102443851	0.158852447
PRJNA761493	SRR15810222	0.108782679	0.308692363	0.292522083	0.108537445	0.181465431
PRJNA761493	SRR15810224	0.081544188	0.347453795	0.275499221	0.100820983	0.194681814
PRJNA761493	SRR15810226	0.142863253	0.279124534	0.299691019	0.105658051	0.172663143
PRJNA761493	SRR15810228	0.13150544	0.299481181	0.290625197	0.098734377	0.179653806
PRJNA761493	SRR15810230	0.160417617	0.313886713	0.30470123	0.069362334	0.151632106
PRJNA761493	SRR15810232	0.151065567	0.282530048	0.322064146	0.063172295	0.181167944
PRJNA761493	SRR15810234	0.12974563	0.277934725	0.386423092	0.06384887	0.142047682
PRJNA761493	SRR15810236	0.173285766	0.281071351	0.297792039	0.082168002	0.165682842
PRJNA761493	SRR15810240	0.130532549	0.352474737	0.296600029	0.070435701	0.149956983
PRJNA761493	SRR15810242	0.155305006	0.26913254	0.312003951	0.09740458	0.166153923
PRJNA761493	SRR15810244	0.164639202	0.318267281	0.255506164	0.103141891	0.158445462
PRJNA761493	SRR15810246	0.197424837	0.325941534	0.233125599	0.099017704	0.144490326
PRJNA761493	SRR15810248	0.13343279	0.376548539	0.270796137	0.096240056	0.122982478
PRJNA761493	SRR15810250	0.126479224	0.285975559	0.233630338	0.11795891	0.235955969
PRJNA761493	SRR15810252	0.14799841	0.285741359	0.281846329	0.122223858	0.162190044
PRJNA761493	SRR15810254	0.172485275	0.272124652	0.313413976	0.068195434	0.173780663
PRJNA761493	SRR15810256	0.153046565	0.308073415	0.322701727	0.070454767	0.145723526
PRJNA761493	SRR15810258	0.125210767	0.346758281	0.262522368	0.089929069	0.175579514
PRJNA761493	SRR15810262	0.146523479	0.288092282	0.310121112	0.114797919	0.140465208
PRJNA761493	SRR15810264	0.116430268	0.308101775	0.337428958	0.077682754	0.160356246
PRJNA761493	SRR15810266	0.104484695	0.295399378	0.372122021	0.074945006	0.1530489
PRJNA761493	SRR15810268	0.099673748	0.282728931	0.310650549	0.124180924	0.182765847
PRJNA761493	SRR15810270	0.143500706	0.359867683	0.255996864	0.110589364	0.130045384
PRJNA761493	SRR15810272	0.118439494	0.263213389	0.341641605	0.101039346	0.175666166
PRJNA761493	SRR15810274	0.164516457	0.360527892	0.251238646	0.070009864	0.153707142
PRJNA761493	SRR15810276	0.127522397	0.247030763	0.348121989	0.119244117	0.158080734
PRJNA761493	SRR15810278	0.214787892	0.274416258	0.28472081	0.073120127	0.152954913
PRJNA761493	SRR15810280	0.101473473	0.339536105	0.282337042	0.08309221	0.19356117
PRJNA761493	SRR15810286	0.131119966	0.29906697	0.297241664	0.099300067	0.173271333
PRJNA761493	SRR15810288	0.13778712	0.361166951	0.278873707	0.071288663	0.150883559
PRJNA761493	SRR15810290	0.105316993	0.383002712	0.246933761	0.076417915	0.188328619
PRJNA761493	SRR15810292	0.111225447	0.356436498	0.272696784	0.089478534	0.170162738
PRJNA761493	SRR15810294	0.116577306	0.3157306	0.340497551	0.060934854	0.166259689
PRJNA761493	SRR15810296	0.09964985	0.44528304	0.253451359	0.060531003	0.141084748
PRJNA761493	SRR15810298	0.124969873	0.309436702	0.297694433	0.081394224	0.186504769
PRJNA761493	SRR15810300	0.098543943	0.30532456	0.324199676	0.093842496	0.178089324
PRJNA761493	SRR15810302	0.10004598	0.368093896	0.305508132	0.078041783	0.148310208
PRJNA761493	SRR15810304	0.134651897	0.341581902	0.322845717	0.066593418	0.134327066
PRJNA761493	SRR15810308	0.149479473	0.331485071	0.262179806	0.083964106	0.172891544
PRJNA780219	SRR16939516	0.192154329	0.023961938	0.216685887	0.024010144	0.543187702
PRJNA780219	SRR16939517	0.147968867	0.022007979	0.310036727	0.049963935	0.470022491
PRJNA780219	SRR16939518	0.095650994	0.161619886	0.395217283	0.021957542	0.325554295
PRJNA780219	SRR16939519	0.067905305	0.231938994	0.360443531	0.021240387	0.318471782
PRJNA780219	SRR16939520	0.129508954	0.232420485	0.312041985	0.009852102	0.316176474
PRJNA780219	SRR16939521	0.140720058	0.147921882	0.367335304	0.011872025	0.33215073
PRJNA780219	SRR16939522	0.099656689	0.36352372	0.280319588	0.012368478	0.244131525
PRJNA780219	SRR16939523	0.069565388	0.153437384	0.352894128	0.018552177	0.405550924
PRJNA780219	SRR16939524	0.08302448	0.280744281	0.352261696	0.015471241	0.268498302
PRJNA780219	SRR16939525	0.183102757	0.321493559	0.204428221	0.012919404	0.27805606
PRJNA780219	SRR16939526	0.065145381	0.325161107	0.155873606	0.017636336	0.43618357
PRJNA780219	SRR16939527	0.100057327	0.160010801	0.271215711	0.02540331	0.44331285
PRJNA780219	SRR16939528	0.112340005	0.268125091	0.285355216	0.011340019	0.322839668
PRJNA780219	SRR16939529	0.092228582	0.314981056	0.224154804	0.006983364	0.361652193
PRJNA780219	SRR16939530	0.091195438	0.205081431	0.410131318	0.013835642	0.279756171
PRJNA780219	SRR16939531	0.129962735	0.269896651	0.27479375	0.007847469	0.317499396
PRJNA780219	SRR16939532	0.105688175	0.281532421	0.280683998	0.013006184	0.319089223
PRJNA780219	SRR16939533	0.129074637	0.351073951	0.122574161	0.004701567	0.392575684
PRJNA780219	SRR16939534	0.144720786	0.192172114	0.34162599	0.004223496	0.317257613
PRJNA780219	SRR16939535	0.088569272	0.285344326	0.282383309	0.026396842	0.317306251
PRJNA780219	SRR16939536	0.104055648	0.314512833	0.297671231	0.009646053	0.274114235
PRJNA780219	SRR16939537	0.075451218	0.337959903	0.285851923	0.019288013	0.281448943
PRJNA780219	SRR16939538	0.167258511	0.249412314	0.319590593	0.012024814	0.251713768
PRJNA780219	SRR16939539	0.072023147	0.338106743	0.233619746	0.005499307	0.350751057
PRJNA780219	SRR16939540	0.038256714	0.247885735	0.395644274	0.010117054	0.308096223
PRJNA780219	SRR16939541	0.03188715	0.331309947	0.203075211	0.006188038	0.427539654
PRJNA780219	SRR16939542	0.060041942	0.205583151	0.32112433	0.016167758	0.397082819
PRJNA780219	SRR16939543	0.056137735	0.270006805	0.250971663	0.012670573	0.410213224
PRJNA780219	SRR16939544	0.159226118	0.303517217	0.277834039	0.015172916	0.24424971
PRJNA780219	SRR16939545	0.083489676	0.334827196	0.26906063	0.018217644	0.294404855
PRJNA780219	SRR16939546	0.02468124	0.24800514	0.338747746	0.022320014	0.36624586
PRJNA780219	SRR16939547	0.101711626	0.138784463	0.269796805	0.003778033	0.485929073
PRJNA780219	SRR16939548	0.198915721	0.191567645	0.178696686	0.000600618	0.430219329
PRJNA780219	SRR16939549	0.073840373	0.174521569	0.260441578	0.006169628	0.485026852
PRJNA780219	SRR16939550	0.11030559	0.16222824	0.257370599	0.007582625	0.462512946
PRJNA780219	SRR16939551	0.172686738	0.201638995	0.205747612	0.009184169	0.410742486
PRJNA780219	SRR16939552	0.170207363	0.279627204	0.255542585	0.007812245	0.286810603
PRJNA780219	SRR16939553	0.081235432	0.099281946	0.405265964	0.00635708	0.407859578
PRJNA780219	SRR16939554	0.128454812	0.224225988	0.212054105	0.010163974	0.42510112
PRJNA780219	SRR16939555	0.087332523	0.109419554	0.198910074	0.004610031	0.599727818
PRJNA780219	SRR16939556	0.141740605	0.151411078	0.224113762	0.004654176	0.478080379
PRJNA780219	SRR16939557	0.056349956	0.274500979	0.222002403	0.005061878	0.442084783
PRJNA780219	SRR16939558	0.123105487	0.286827446	0.215721045	0.021135427	0.353210596
PRJNA780219	SRR16939559	0.027126825	0.233881196	0.288504155	0.010502009	0.439985816
PRJNA780219	SRR16939560	0.227278111	0.170630485	0.300037794	0.002118149	0.299935461
PRJNA780219	SRR16939561	0.100759254	0.211899093	0.232430121	0.001196723	0.453714809
PRJNA780219	SRR16939562	0.158926927	0.187103188	0.209091972	0.00257846	0.442299454
PRJNA780219	SRR16939563	0.132982516	0.184348428	0.201013781	0.007452101	0.474203174
PRJNA780219	SRR16939564	0.24555163	0.23394134	0.16484523	0.000931676	0.354730124
PRJNA780219	SRR16939565	0.178880565	0.167748502	0.208158197	0.004908817	0.44030392
PRJNA780219	SRR16939566	0.055051254	0.164422393	0.346503275	0.002365133	0.431657945
PRJNA780219	SRR16939567	0.056510321	0.218413938	0.172839804	0.001207131	0.551028805
PRJNA780219	SRR16939568	0.129688119	0.175456321	0.415160037	0.009875903	0.26981962
PRJNA780219	SRR16939569	0.089826092	0.346072079	0.293872118	0.008677339	0.261552372
PRJNA780219	SRR16939570	0.084991077	0.194125245	0.374020632	0.003188817	0.343674229
PRJNA780219	SRR16939571	0.09994811	0.234899595	0.203801703	0.004566128	0.456784463
PRJNA780219	SRR16939572	0.120110497	0.290456059	0.214757169	0.007093341	0.367582934
PRJNA780219	SRR16939573	0.076495071	0.319035311	0.272509306	0.018080801	0.313879511
PRJNA780219	SRR16939574	0.336257219	0.196836848	0.161875832	0.004362391	0.30066771
PRJNA780219	SRR16939575	0.287760674	0.18896556	0.190285238	0.005875442	0.327113087
PRJNA780219	SRR16939576	0.136499708	0.247553389	0.177561746	0.00428477	0.434100387
PRJNA780219	SRR16939577	0.125837721	0.302104923	0.318695414	0.007440454	0.245921488
PRJNA780219	SRR16939578	0.166532612	0.162473496	0.27623778	0.005801562	0.38895455
PRJNA780219	SRR16939579	0.066688157	0.318768293	0.286236281	0.009526037	0.318781232
PRJNA780219	SRR16939580	0.083496733	0.23644522	0.191212947	0.003964853	0.484880248
PRJNA780219	SRR16939581	0.106151092	0.376963475	0.249889085	0.010827564	0.256168783
PRJNA780219	SRR16939582	0.113638763	0.284815575	0.251304002	0.016259141	0.333982519
PRJNA780219	SRR16939583	0.067121276	0.305598264	0.254283355	0.005281718	0.367715388
PRJNA780219	SRR16939584	0.049954418	0.357582558	0.232347425	0.006852392	0.353263207
PRJNA780219	SRR16939585	0.092742762	0.24877494	0.180695432	0.005212296	0.47257457
PRJNA780219	SRR16939586	0.111871776	0.213075825	0.352497267	0.016639438	0.305915694
PRJNA780219	SRR16939587	0.062351808	0.196845062	0.360004343	0.007449308	0.373349479
PRJNA780219	SRR16939588	0.06869924	0.267826328	0.310947047	0.020902246	0.331625141
PRJNA780219	SRR16939589	0.119818856	0.195075299	0.385895751	0.010102288	0.289107806
PRJNA780219	SRR16939590	0.035708502	0.300256353	0.259945062	0.007718933	0.39637115
PRJNA780219	SRR16939591	0.05135503	0.307803726	0.221222566	0.007754731	0.411863947
PRJNA780219	SRR16939592	0.069547592	0.378459257	0.221343197	0.006324083	0.324325872
PRJNA780219	SRR16939593	0.247798392	0.167837922	0.296051954	0.009059654	0.279252078
PRJNA780219	SRR16939594	0.156321273	0.245380501	0.28815075	0.014809438	0.295338038
PRJNA780219	SRR16939595	0.140679772	0.147675153	0.265163495	0.003157023	0.443324557
PRJNA780219	SRR16939596	0.083779337	0.179613407	0.236149097	0.005946346	0.494511813
PRJNA780219	SRR16939597	0.101529947	0.19948381	0.210165295	0.005668908	0.483152041
PRJNA780219	SRR16939598	0.115589022	0.27572745	0.22202937	0.00813097	0.378523188
PRJNA780219	SRR16939599	0.155418887	0.107026569	0.26000637	0.001139541	0.476408633
PRJNA780219	SRR16939600	0.09209346	0.260601626	0.32143556	0.009608805	0.31626055
PRJNA780219	SRR16939601	0.167349511	0.184174663	0.319950985	0.009026014	0.319498826
PRJNA780219	SRR16939602	0.124502755	0.103479709	0.436732457	0.007625665	0.327659414
PRJNA780219	SRR16939603	0.160032508	0.081981012	0.29843405	0.007935394	0.451617035
PRJNA780219	SRR16939604	0.081602318	0.199666201	0.239501421	0.00645015	0.47277991
PRJNA780219	SRR16939605	0.150435041	0.105226982	0.30911504	0.00518031	0.430042627
PRJNA780219	SRR16939606	0.128834724	0.13096376	0.327922451	0.014648059	0.397631005
PRJNA780219	SRR16939607	0.084532519	0.225571616	0.379560887	0.013773592	0.296561386
PRJNA780219	SRR16939608	0.095438012	0.126780761	0.356794692	0.006327708	0.414658827
PRJNA780219	SRR16939609	0.160796776	0.252754612	0.251295432	0.003888849	0.331264331
PRJNA780219	SRR16939610	0.111529726	0.213552509	0.213421948	0.007688034	0.453807783
PRJNA780219	SRR16939611	0.11068248	0.112353552	0.288781734	0.002668642	0.485513591
PRJNA780219	SRR16939612	0.08763443	0.221974939	0.238383389	0.004527433	0.447479809
PRJNA780219	SRR16939613	0.100824622	0.174539791	0.312260895	0.00708461	0.405290082
PRJNA780219	SRR16939614	0.098155674	0.146538712	0.250006472	0.004975131	0.500324012
PRJNA780219	SRR16939615	0.081106862	0.244766872	0.22931687	0.008971101	0.435838295
PRJNA780219	SRR16939616	0.312090159	0.23316106	0.178491327	0.009636171	0.266621283
PRJNA780219	SRR16939617	0.115664725	0.168248851	0.220551009	0.007998965	0.487536451
PRJNA780219	SRR16939618	0.16689747	0.254365332	0.258007743	0.00477811	0.315951345
PRJNA780219	SRR16939619	0.082565313	0.324758102	0.340468885	0.007888404	0.244319296
PRJNA780219	SRR16939620	0.079621471	0.167029417	0.338231555	0.00255526	0.412562296
PRJNA780219	SRR16939621	0.108216215	0.194734101	0.359780681	0.01111906	0.326149943
PRJNA847592	SRR19625219	0	0.200172476	0.396855799	0.04264497	0.360326755
PRJNA847592	SRR19625220	0.002539876	0.382792103	0.18411632	0.000183318	0.430368383
PRJNA847592	SRR19625221	0.010938793	0.354525426	0.157272715	0.006321962	0.470941104
PRJNA847592	SRR19625222	0.009527869	0.384681319	0.211946727	0.018743953	0.375100132
PRJNA847592	SRR19625223	0.023475497	0.286968844	0.305375038	0.017966553	0.366214067
PRJNA847592	SRR19625224	0.052177935	0.197196653	0.336483201	0.00985437	0.404287841
PRJNA847592	SRR19625225	0.026017293	0.215504127	0.283859463	0.010364839	0.464254278
PRJNA847592	SRR19625226	0.002393791	0.243837262	0.281148367	0.020101366	0.452519214
PRJNA847592	SRR19625227	0.011539656	0.097093709	0.463451896	0.00266296	0.425251779
PRJNA847592	SRR19625228	0.004453783	0.124394572	0.44219226	0.00920833	0.419751056
PRJNA847592	SRR19625229	0.003998013	0.357077797	0.206999506	0.018598322	0.41332636
PRJNA847592	SRR19625230	0.077005542	0.382955096	0.210802331	0.013868387	0.315368644
PRJNA847592	SRR19625231	0.001113601	0.36009031	0.2983173	0.02727187	0.313206919
PRJNA847592	SRR19625232	0.01546608	0.098454367	0.458854446	0.007831897	0.41939321
PRJNA847592	SRR19625233	0.003389817	0.066971695	0.367703557	0.005025768	0.556909164
PRJNA847592	SRR19625234	0.018384925	0.178146174	0.26396222	0.005041601	0.53446508
PRJNA847592	SRR19625235	0.002984318	0.261032311	0.341301614	0.018241966	0.376439792
PRJNA847592	SRR19625236	0.024847687	0.366906753	0.220508198	0.019825988	0.367911375
PRJNA847592	SRR19625237	0.006502976	0.48665143	0.222978798	0.016197953	0.267668843
PRJNA847592	SRR19625238	0.028058828	0.350432061	0.139646879	0.019132745	0.462729487
PRJNA847592	SRR19625239	0.006118127	0.199641531	0.338878376	0.006933419	0.448428547
PRJNA847592	SRR19625240	0.038452055	0.388370394	0.219956877	0.015628407	0.337592268
PRJNA847592	SRR19625241	0.025872488	0.178471483	0.359608292	0.018812855	0.417234882
PRJNA847592	SRR19625242	0.009423279	0.258456577	0.406276737	0.017473316	0.308370091
PRJNA847592	SRR19625244	0.01124298	0.406163983	0.174431586	0.008845327	0.399316123
PRJNA847592	SRR19625245	0.002523266	0.269178533	0.316358826	0.0096742	0.402265175
PRJNA847592	SRR19625246	0.002329483	0.162510501	0.240371958	0.006136064	0.588651994
PRJNA847592	SRR19625247	0.039204068	0.268903267	0.187175664	0.002289885	0.502427116
PRJNA847592	SRR19625248	0.006070277	0.161595631	0.29283105	0.004524383	0.534978659
PRJNA847592	SRR19625249	0.010916369	0.286428857	0.202592534	0.003377385	0.496684854
PRJNA847592	SRR19625250	0.008441649	0.324417193	0.257479901	0.010724284	0.398936973
PRJNA847592	SRR19625251	0.035107358	0.24614208	0.291490177	0.006800843	0.420459541
PRJNA847592	SRR19625252	0.031754762	0.053614636	0.365846112	0.005546189	0.543238301
PRJNA847592	SRR19625253	0.017304136	0.135994121	0.382375073	0.00492998	0.45939669
PRJNA847592	SRR19625254	0.013701941	0.23423193	0.315784805	0.006127668	0.430153657
PRJNA847592	SRR19625255	0.020279354	0.108768016	0.427144754	0.006999627	0.436808249
PRJNA847592	SRR19625256	0.010966189	0.189000555	0.400857896	0.007423815	0.391751545
PRJNA847592	SRR19625257	0.089729621	0.391552318	0.175256671	0.006735246	0.336726144
PRJNA847592	SRR19625258	0.014813318	0.214141345	0.277952172	0.002648885	0.49044428
PRJNA847592	SRR19625259	0.018797634	0.245501735	0.262636425	0.001914562	0.471149644
PRJNA847592	SRR19625260	0.080112073	0.087925151	0.285985775	0.00328338	0.54269362
PRJNA847592	SRR19625261	0.014466753	0.219456208	0.23421542	0.011087223	0.520774396
PRJNA847592	SRR19625262	0.020524785	0.19943396	0.210925446	0.003810598	0.56530521
PRJNA847592	SRR19625263	0.009688192	0.133275672	0.34995387	0.004081793	0.503000473
PRJNA847592	SRR19625264	0.024969626	0.287664745	0.276614519	0.006320134	0.404430976
PRJNA847592	SRR19625265	0.012325792	0.165940043	0.376582788	0.007195109	0.437956269
PRJNA847592	SRR19625267	0.045563876	0.079963531	0.322026358	0.007076766	0.545369469
PRJNA847592	SRR19625269	0.021586986	0.114986514	0.41607319	0.008081443	0.439271866
PRJNA847592	SRR19625270	0.025382758	0.068652013	0.354434605	0.003499315	0.548031309
PRJNA847592	SRR19625271	0.008099887	0.104079836	0.423609642	0.003718273	0.460492362
PRJNA847592	SRR19625272	0.004304378	0.118397566	0.40088929	0.005576242	0.470832524
PRJNA847592	SRR19625273	0.011588378	0.285815443	0.243110202	0.007390341	0.452095637
PRJNA847592	SRR19625274	0.018688532	0.250359146	0.270830439	0.005760084	0.454361799
PRJNA847592	SRR19625275	0.04024988	0.118752687	0.474277372	0.012215504	0.354504557
PRJNA847592	SRR19625276	0.005684612	0.159047314	0.35104243	0.007121882	0.477103762
PRJNA847592	SRR19625277	0.037575163	0.122138563	0.456124845	0.014936535	0.369224894
PRJNA847592	SRR19625278	0.0378795	0.160501791	0.342435631	0.002158287	0.45702479
PRJNA847592	SRR19625279	0.032044865	0.140287651	0.356708759	0.004216268	0.466742456
PRJNA847592	SRR19625282	0.021000766	0.267807641	0.322399777	0.002888017	0.385903799
PRJNA847592	SRR19625283	0.036910926	0.247504654	0.23944357	0.003323855	0.472816994
PRJNA847592	SRR19625284	0.023683789	0.322747184	0.254057762	0.003508623	0.396002643
PRJNA847592	SRR19625285	0.033680761	0.097404681	0.35775225	0.003250032	0.507912275
PRJNA847592	SRR19625286	0.019773956	0.213849709	0.305000221	0.003203804	0.45817231
PRJNA847592	SRR19625287	0.020929805	0.143490725	0.358212555	0.001801296	0.475565619
PRJNA847592	SRR19625288	0.010963119	0.205163141	0.383018489	0.007732854	0.393122397
PRJNA906953	SRR22462591	0	0.3989476	0.231271809	0.077505299	0.292275292
PRJNA906953	SRR22462598	0.002267159	0.185071294	0.405483045	0.006021745	0.401156757
PRJNA906953	SRR22462599	0.001121119	0.147564356	0.373159123	0.039779132	0.438376269
PRJNA906953	SRR22462600	0.000585236	0.182275292	0.363120563	0.06012623	0.393892679
PRJNA906953	SRR22462601	0	0.229824301	0.311079437	0.084995794	0.374100467
PRJNA906953	SRR22462602	0.003240177	0.340114645	0.290605582	0.020156032	0.345883565
PRJNA906953	SRR22462603	0.023487	0.257713795	0.305994988	0.04985085	0.362953367
PRJNA906953	SRR22462604	0.01101467	0.266280902	0.291922073	0.08115841	0.349623946
PRJNA906953	SRR22462605	0.021995192	0.236143225	0.300000289	0.058203254	0.383658041
PRJNA906953	SRR22462606	0.010774887	0.27236246	0.268887876	0.04755381	0.400420967
PRJNA906953	SRR22462607	0.01193418	0.188773153	0.334167919	0.087714716	0.377410033
PRJNA906953	SRR22462608	0.023767892	0.228172816	0.375244917	0.074172599	0.298641776
PRJNA906953	SRR22462609	0.003255818	0.238829536	0.326779773	0.036256127	0.394878747
PRJNA906953	SRR22462610	0.018116071	0.233302185	0.359601254	0.032805134	0.356175356
PRJNA906953	SRR22462611	0.006771692	0.242102872	0.378703934	0.00749928	0.364922223
PRJNA906953	SRR22462612	0.019867244	0.231089119	0.321778509	0.010571772	0.416693355
PRJNA906953	SRR22462613	0.012862878	0.370011792	0.308504223	0.004898714	0.303722394
PRJNA906953	SRR22462624	0.005323216	0.347112981	0.273297445	0.012287865	0.361978493
PRJNA906953	SRR22462629	0.00888796	0.206659946	0.35622206	0.049777158	0.378452877
PRJNA906953	SRR22462630	0.022079432	0.266747898	0.361031354	0.057122805	0.29301851
PRJNA906953	SRR22462631	0.01249908	0.293132142	0.354241923	0.09807686	0.242049995
PRJNA906953	SRR22462632	0.010980024	0.330849848	0.367604392	0.074060739	0.216504997
PRJNA906953	SRR22462633	0.045892062	0.268999529	0.311581413	0.043900136	0.32962686
PRJNA906953	SRR22462634	0.02297004	0.322872843	0.359833297	0.056959925	0.237363895
PRJNA906953	SRR22462635	0.007545994	0.398800626	0.309695742	0.005634637	0.278323001
PRJNA906953	SRR22462637	0.007472496	0.277118739	0.362265508	0.044797151	0.308346106
PRJNA906953	SRR22462638	0.008231262	0.276356197	0.356792126	0.021695475	0.336924941
PRJNA906953	SRR22462640	0.011909991	0.343617612	0.336075454	0.033689291	0.274707652
PRJNA906953	SRR22462641	0.00929732	0.3049759	0.353738802	0.03183457	0.300153408
PRJNA906953	SRR22462643	0.013897227	0.274722338	0.401000958	0.030680825	0.279698653
PRJNA906953	SRR22462644	0.014950391	0.279085107	0.358277041	0.022221127	0.325466335
PRJNA906953	SRR22462646	0.021937343	0.301058586	0.306142972	0.016937289	0.353923811
PRJNA906953	SRR22462647	0.011617276	0.288817085	0.36608639	0.02157108	0.311908169
PRJNA906953	SRR22462648	0.009693204	0.300111028	0.349649518	0.013754173	0.326792077
PRJNA906953	SRR22462657	0.010106602	0.350230766	0.344881685	0.007602685	0.287178262
PRJNA906953	SRR22462664	0.00765691	0.301820489	0.172590446	0.055781726	0.46215043
PRJNA906953	SRR22462665	0.03270589	0.36718305	0.263769795	0.012292915	0.32404835
PRJNA906953	SRR22462666	0.005385844	0.420516151	0.227802764	0.028375694	0.317919547
PRJNA906953	SRR22462667	0.004279881	0.357620147	0.253646684	0.050837303	0.333615985
PRJNA906953	SRR22462668	0.043683008	0.29415161	0.315183806	0.029018744	0.317962831
PRJNA906953	SRR22462669	0.012425965	0.323388824	0.316914279	0.00964779	0.337623142
PRJNA914530	SRR22840019	0	0.611686806	0.178702515	0.001006971	0.208603707
PRJNA914530	SRR22840020	0	0.481404409	0.304412886	0.010857392	0.203325313
PRJNA914530	SRR22840021	0.006979227	0.619206126	0.096348231	0.016769016	0.260697401
PRJNA914530	SRR22840022	0.008285778	0.540782314	0.059740723	0.001527474	0.38966371
PRJNA914530	SRR22840023	0.003089417	0.234883349	0.321649575	0.020572424	0.419805235
PRJNA914530	SRR22840024	0.010194556	0.307181225	0.232439095	0.023788765	0.426396359
PRJNA914530	SRR22840025	0.00100933	0.37535086	0.194495291	0.035729664	0.393414855
PRJNA914530	SRR22840026	0	0.551854827	0.15407965	0.009077733	0.284987791
PRJNA914530	SRR22840027	4.25E-05	0.259559783	0.369750631	0.012869089	0.357778028
PRJNA914530	SRR22840029	0.002290429	0.172428778	0.543011805	0.013738014	0.268530974
PRJNA914530	SRR22840030	0.017623831	0.514988219	0.16834152	0.007738497	0.291307933
PRJNA914530	SRR22840031	0.007512162	0.119891154	0.298637848	0.009806454	0.564152383
PRJNA914530	SRR22840032	0	0.207666334	0.102285821	0.005276287	0.684771558
PRJNA914530	SRR22840033	0	0.091566067	0.477622812	0.008166844	0.422644278
PRJNA914530	SRR22840034	0.001090328	0.093437705	0.299257412	0.007723842	0.598490714
PRJNA914530	SRR22840035	0.003271763	0.100279858	0.368505827	0.03246977	0.495472782
PRJNA914530	SRR22840036	0.000129345	0.184178407	0.441902604	0.005277187	0.368512456
PRJNA914530	SRR22840037	0.000394249	0.197480248	0.227651836	0.023501176	0.550972491
PRJNA914530	SRR22840038	0.005930374	0.228978258	0.420308439	0.00790369	0.336879238
PRJNA914530	SRR22840040	0.006419167	0.103119842	0.449632684	0.007081546	0.433746761
PRJNA914530	SRR22840041	0.008432137	0.056868233	0.450865701	0.003178349	0.48065558
PRJNA914530	SRR22840042	0.002483823	0.104168285	0.445779525	0.036670178	0.410898189
PRJNA914530	SRR22840043	0.008339897	0.093504746	0.42745906	0.02123658	0.449459718
PRJNA914530	SRR22840044	0.013161992	0.083133635	0.513902352	0.01669839	0.373103631
PRJNA914530	SRR22840045	0.010553643	0.112012497	0.457932068	0.019483038	0.400018754
PRJNA914530	SRR22840046	0.009428157	0.038361877	0.503376758	0.02038526	0.428447948
PRJNA914530	SRR22840047	0.014912366	0.11821967	0.471148531	0.012477558	0.383241876
PRJNA914530	SRR22840048	0.05206075	0.07999554	0.41363794	0.007945008	0.446360762
PRJNA914530	SRR22840049	0.008049871	0.215161842	0.388611356	0.021533383	0.366643547
PRJNA914530	SRR22840051	0.011563393	0.069270181	0.026132366	0.002387854	0.890646207
PRJNA914530	SRR22840052	0.011052125	0.106381425	0.489010614	0.021218744	0.372337092
PRJNA914530	SRR22840053	0.011601597	0.071846421	0.412879544	0.004547292	0.499125147
PRJNA914530	SRR22840054	0.027170936	0.254474594	0.326651608	0.008318987	0.383383875
PRJNA914530	SRR22840055	0.004297184	0.153489038	0.416477118	0.003310094	0.422426567
PRJNA914530	SRR22840056	0.012548808	0.16228588	0.387137517	0.01114007	0.426887725
PRJNA914530	SRR22840057	0.008221306	0.104581166	0.495810564	0.009784877	0.381602087
PRJNA914530	SRR22840058	0.007935254	0.163417544	0.449321364	0.006473719	0.37285212
PRJNA914530	SRR22840059	0.005990707	0.061197663	0.417107792	0.005663644	0.510040194
PRJNA914530	SRR22840060	0.004143414	0.152988148	0.510888838	0.022493304	0.309486296
PRJNA922564	SRR23075664	0.061705686	0.583394595	0.315720465	0	0.039179254
PRJNA922564	SRR23075667	0.03168648	0.633399588	0.331318614	0	0.003595318
PRJNA922564	SRR23075669	0.021493893	0.491456603	0.482870634	0	0.00417887
PRJNA922564	SRR23075671	0.029631751	0.558986482	0.400743491	0	0.010638275
PRJNA922564	SRR23075673	0.085302571	0.298445182	0.615717649	0	0.000534598
PRJNA922564	SRR23075675	0.0668034	0.443881807	0.485117048	0	0.004197745
PRJNA922564	SRR23075677	0.076737221	0.463960457	0.443339765	0	0.015962557
PRJNA922564	SRR23075679	0.271472496	0.295453653	0.416810917	0	0.016262934
PRJNA922564	SRR23075680	0.090501323	0.43040694	0.464969206	0	0.014122531
PRJNA922564	SRR23075682	0.062172967	0.334378745	0.591017269	0	0.012431019
PRJNA922564	SRR23075684	0.071965444	0.415446016	0.504610392	0	0.007978148
PRJNA922564	SRR23075686	0.123421932	0.374485288	0.495932741	0	0.006160039
PRJNA922564	SRR23075688	0.221294009	0.389248678	0.381394671	0	0.008062642
PRJNA922564	SRR23075691	0.119819034	0.374211568	0.484857876	0	0.021111522
PRJNA922564	SRR23075692	0.141264407	0.471678897	0.382576814	0	0.004479882
PRJNA922564	SRR23075694	0.207009176	0.410101575	0.365981031	0	0.016908218
PRJNA922564	SRR23075696	0.088032611	0.557018533	0.33051845	0	0.024430406
PRJNA922564	SRR23075698	0.145454016	0.484386118	0.36109803	0	0.009061836
PRJNA922564	SRR23075700	0.198580086	0.483953706	0.309180431	0	0.008285777
PRJNA922564	SRR23075703	0.148237811	0.357551269	0.479692463	0	0.014518456
PRJNA922564	SRR23075705	0.16147149	0.407511896	0.424090682	0	0.006925932
PRJNA922564	SRR23075707	0.109219878	0.433315632	0.438931496	0	0.018532993
PRJNA922564	SRR23075709	0.165405539	0.407343558	0.417585772	0	0.009665132
PRJNA922564	SRR23075711	0.155130184	0.411127338	0.420385579	0	0.0133569
PRJNA922564	SRR23075713	0.098874599	0.412937074	0.482900559	0	0.005287768
PRJNA922564	SRR23075714	0.137586165	0.409994791	0.425658943	0	0.026760102
PRJNA922564	SRR23075716	0.19334922	0.339007042	0.438635524	0	0.029008214
PRJNA922564	SRR23075718	0.114516782	0.437831992	0.428089174	0	0.019562052
PRJNA922564	SRR23075720	0.303821168	0.31937211	0.356460601	0	0.020346121
PRJNA922564	SRR23075721	0.114247289	0.51811203	0.351227786	0	0.016412895
PRJNA922564	SRR23075723	0.115509515	0.485731011	0.393578142	0	0.005181331
PRJNA922564	SRR23075725	0.132430427	0.524650048	0.322834487	0	0.020085038
PRJNA922564	SRR23075727	0.131839079	0.437782354	0.425008078	0	0.00537049
PRJNA922564	SRR23075729	0.152996124	0.459062346	0.372352396	0	0.015589133
PRJNA922564	SRR23075732	0.15052603	0.504946191	0.34014505	0	0.004382729
PRJNA922564	SRR23075734	0.247413648	0.35347863	0.394917212	0	0.00419051
PRJNA922564	SRR23075736	0.093015394	0.487318842	0.416671721	0	0.002994043
PRJNA922564	SRR23075738	0.191841692	0.484716914	0.3219996	0	0.001441794
PRJNA922564	SRR23075740	0.22932056	0.47748716	0.285898767	0	0.007293512
PRJNA922564	SRR23075742	0.204879826	0.351556331	0.427084168	0	0.016479676
PRJNA922564	SRR23075743	0.160165178	0.446401387	0.387001093	0	0.006432343
PRJNA922564	SRR23075753	0.110432237	0.383443517	0.498101883	0	0.008022363
PRJNA922564	SRR23075755	0.142769118	0.475041394	0.351618073	0	0.030571415
PRJNA922564	SRR23075757	0.109888644	0.506626699	0.368549097	0	0.01493556
PRJNA922564	SRR23075759	0.158725543	0.48611366	0.339940746	0	0.015220051
PRJNA922564	SRR23075761	0.203618114	0.38212568	0.402682664	0	0.011573541
PRJNA922564	SRR23075763	0.121581948	0.490151761	0.384008408	0	0.004257882
PRJNA922564	SRR23075764	0.23021004	0.333116401	0.425745477	0	0.010928082
PRJNA922564	SRR23075766	0.169399034	0.423989175	0.394400344	0	0.012211447
PRJNA922564	SRR23075768	0.251985034	0.356137898	0.384151438	0	0.007725631
PRJNA922564	SRR23075770	0.092348902	0.280763646	0.621345794	0	0.005541658
PRJNA922564	SRR23075773	0.178466729	0.409056607	0.380675498	0	0.031801167
PRJNA922564	SRR23075775	0.267764724	0.328015514	0.396460826	0	0.007758935
PRJNA922564	SRR23075777	0.179276206	0.431143302	0.375761554	0	0.013818938
PRJNA922564	SRR23075779	0.161723422	0.447130852	0.364850971	0	0.026294755
PRJNA922564	SRR23075781	0.401518801	0.188631768	0.402194048	0	0.007655382
PRJNA922564	SRR23075783	0.139154224	0.479954285	0.376505174	0	0.004386317
PRJNA922564	SRR23075784	0.234468618	0.477636804	0.275790755	0	0.012103823
PRJNA922564	SRR23075786	0.380704398	0.296919392	0.310108137	0	0.012268073
PRJNA922564	SRR23075788	0.167625832	0.441631222	0.37629046	0	0.014452486
PRJNA922564	SRR23075790	0.264829582	0.441115316	0.283222235	0	0.010832866
PRJNA922564	SRR23075793	0.121711816	0.449842034	0.414957677	0	0.013488473
PRJNA922564	SRR23075795	0.160178122	0.399132568	0.42851715	0	0.01217216
PRJNA922564	SRR23075796	0.23286347	0.508495947	0.249630487	0	0.009010096
PRJNA922564	SRR23075798	0.287046426	0.368439365	0.335089637	0	0.009424572
PRJNA922564	SRR23075800	0.159961039	0.510428685	0.320087873	0	0.009522403
PRJNA922564	SRR23075802	0.15508233	0.401547962	0.427805482	0	0.015564226
PRJNA922564	SRR23075804	0.103213361	0.474119203	0.41066275	0	0.012004685
PRJNA922564	SRR23075807	0.164512406	0.488036273	0.343195235	0	0.004256086
PRJNA922564	SRR23075809	0.167199185	0.412668805	0.414268793	0	0.005863218
PRJNA922564	SRR23075811	0.166367848	0.444471548	0.37864114	0	0.010519465
PRJNA922564	SRR23075813	0.224747926	0.362631786	0.402793922	0	0.009826366
PRJNA922564	SRR23075815	0.148291613	0.415259302	0.427417164	0	0.00903192
PRJNA922564	SRR23075821	0.142856847	0.478720022	0.364352597	0	0.014070534
PRJNA922564	SRR23075824	0.269590384	0.31472596	0.412708095	0	0.002975561
PRJNA922564	SRR23075825	0.133682396	0.42113505	0.440382625	0	0.00479993
PRJNA922564	SRR23075828	0.38655302	0.223258123	0.378005645	0	0.012183212
PRJNA922564	SRR23075830	0.146392125	0.427975527	0.41603562	0	0.009596729
PRJNA922564	SRR23075833	0.197496689	0.40317414	0.387121498	0	0.012207673
PRJNA922564	SRR23075836	0.308503426	0.352917285	0.32919429	0	0.009384999
PRJNA922564	SRR23075839	0.24498401	0.350936607	0.39354869	0	0.010530693
PRJNA922564	SRR23075840	0.120249584	0.515530866	0.356468012	0	0.007751538
PRJNA922564	SRR23075842	0.132644303	0.484566005	0.376916795	0	0.005872897
PRJNA922564	SRR23075844	0.165333167	0.514962238	0.313358516	0	0.006346079
PRJNA922564	SRR23075846	0.133124414	0.46247141	0.392936826	0	0.01146735
PRJNA922564	SRR23075847	0.106403794	0.423903883	0.441009614	0	0.02868271
PRJNA922564	SRR23075849	0.110384857	0.496183738	0.39197292	0	0.001458485
PRJNA922564	SRR23075851	0.132587887	0.400869974	0.462629394	0	0.003912746
PRJNA922564	SRR23075853	0.18054021	0.30343012	0.504156183	0	0.011873487
PRJNA922564	SRR23075855	0.165054622	0.440414943	0.387550001	0	0.006980433
PRJNA922564	SRR23075858	0.136432203	0.504256193	0.35420719	0	0.005104415
PRJNA922564	SRR23075860	0.107082358	0.44567789	0.441325311	0	0.005914442
PRJNA922564	SRR23075862	0.117587734	0.411391929	0.462678917	0	0.00834142
PRJNA922564	SRR23075864	0.219094109	0.400348292	0.364532178	0	0.01602542
PRJNA922564	SRR23075866	0.145935868	0.436637638	0.4036333	0	0.013793194
PRJNA922564	SRR23075867	0.258960128	0.29068465	0.441922048	0	0.008433173
PRJNA922564	SRR23075869	0.381644964	0.277808171	0.327002965	0	0.013543901
PRJNA922564	SRR23075871	0.123860881	0.192367516	0.677489994	0	0.006281609
PRJNA922564	SRR23075882	0.13603058	0.481654	0.372591529	0	0.009723891
PRJNA922564	SRR23075884	0.25157283	0.299055017	0.430808457	0	0.018563696
PRJNA922564	SRR23075885	0.167770372	0.442599848	0.383617436	0	0.006012344
PRJNA922564	SRR23075888	0.118157362	0.489479665	0.379052363	0	0.01331061
PRJNA922564	SRR23075891	0.206667479	0.295434911	0.480956418	0	0.016941192
PRJNA922564	SRR23075893	0.207326702	0.36679666	0.415070842	0	0.010805796
PRJNA922564	SRR23075895	0.354410805	0.272770352	0.360886276	0	0.011932567
PRJNA922564	SRR23075897	0.230343813	0.346090335	0.413001142	0	0.01056471
PRJNA922564	SRR23075899	0.205099798	0.333158347	0.455005587	0	0.006736268
PRJNA922564	SRR23075901	0.260789757	0.422815131	0.299903322	0	0.01649179
PRJNA922564	SRR23075902	0.17241387	0.395497406	0.424325423	0	0.007763302
PRJNA922564	SRR23075904	0.235392504	0.275625754	0.476636772	0	0.012344969
PRJNA922564	SRR23075906	0.271954765	0.331239035	0.383559313	0	0.013246886
PRJNA922564	SRR23075908	0.153364034	0.398637575	0.435993596	0	0.012004796
PRJNA922564	SRR23075910	0.413472132	0.289046709	0.286253014	0	0.011228146
PRJNA922564	SRR23075911	0.228508386	0.394105229	0.3634212	0	0.013965185
PRJNA922564	SRR23075913	0.348707569	0.259049194	0.381967241	0	0.010275996
PRJNA922564	SRR23075915	0.124617967	0.476714763	0.390975878	0	0.007691393
PRJNA922564	SRR23075917	0.112273687	0.506090293	0.367577571	0	0.014058448
PRJNA922564	SRR23075919	0.199566126	0.470353821	0.323271998	0	0.006808055
PRJNA922564	SRR23075920	0.16733833	0.49477347	0.321716714	0	0.016171486
PRJNA922564	SRR23075922	0.227015281	0.45360249	0.311901292	0	0.007480936
PRJNA922564	SRR23075924	0.18069416	0.444688273	0.361269479	0	0.013348088
PRJNA922564	SRR23075926	0.255662878	0.413129555	0.319081092	0	0.012126474
PRJNA922564	SRR23075928	0.157634035	0.475975843	0.359895027	0	0.006495095
PRJNA922564	SRR23075931	0.487599861	0.204614381	0.303121074	0	0.004664684
PRJNA922564	SRR23075933	0.289716723	0.411660696	0.291245644	0	0.007376937
PRJNA922564	SRR23075935	0.298902252	0.341147134	0.353213274	0	0.006737341
PRJNA922564	SRR23075937	0.225430674	0.363119813	0.40262301	0	0.008826502
PRJNA922564	SRR23075940	0.160094242	0.480702127	0.35491898	0	0.00428465
PRJNA922564	SRR23075942	0.181161218	0.479271404	0.330606068	0	0.00896131
PRJNA922564	SRR23075944	0.177627464	0.432761984	0.376198911	0	0.013411641
PRJNA922564	SRR23075946	0.124337561	0.586846474	0.283034885	0	0.00578108
PRJNA922564	SRR23075950	0.102889764	0.599521286	0.285934808	0	0.011654142
PRJNA922564	SRR23075952	0.197083007	0.475409932	0.307172908	0	0.020334153
PRJNA922564	SRR23075954	0.154612673	0.495759247	0.341781344	0	0.007846736
PRJNA922564	SRR23075956	0.21029608	0.400221095	0.381513902	0	0.007968924
PRJNA922564	SRR23075958	0.136231636	0.415333242	0.434784739	0	0.013650383
PRJNA922564	SRR23075960	0.202271673	0.347579476	0.419501911	0	0.03064694
PRJNA922564	SRR23075961	0.221265171	0.395271771	0.372356867	0	0.011106191
PRJNA922564	SRR23075965	0.243782292	0.399025191	0.346943431	0	0.010249086
PRJNA922564	SRR23075967	0.123825106	0.389373309	0.471275444	0	0.015526141
PRJNA922564	SRR23075969	0.208044656	0.509451736	0.275688043	0	0.006815565
PRJNA922564	SRR23075971	0.134618793	0.381830327	0.465755902	0	0.017794978
PRJNA922564	SRR23075973	0.181710591	0.395998748	0.416048457	0	0.006242204
PRJNA922564	SRR23075975	0.135244548	0.474132298	0.378809781	0	0.011813373
PRJNA922564	SRR23075982	0.219630403	0.235584079	0.539051921	0	0.005733597
PRJNA922564	SRR23075984	0.187149857	0.470009792	0.334477477	0	0.008362874
PRJNA922564	SRR23075986	0.464647366	0.278112332	0.248537327	0	0.008702975
PRJNA922564	SRR23075987	0.252624092	0.220810154	0.518770774	0	0.00779498
PRJNA922564	SRR23075995	0.219049385	0.385250017	0.382816097	0	0.012884501
PRJNA922564	SRR23075998	0.203526163	0.450249593	0.332197406	0	0.014026839
PRJNA922564	SRR23076000	0.119914126	0.310056103	0.563090164	0	0.006939607
PRJNA922564	SRR23076002	0.143644558	0.418989371	0.428886829	0	0.008479242
PRJNA922564	SRR23076004	0.229361495	0.50465957	0.255054062	0	0.010924873
PRJNA922564	SRR23076006	0.264160692	0.399849704	0.327897214	0	0.008092389
PRJNA922564	SRR23076008	0.299706721	0.239122547	0.436080785	0	0.025089947
PRJNA922564	SRR23076009	0.220024933	0.400195186	0.366006091	0	0.013773791
PRJNA922564	SRR23076011	0.178816615	0.497572759	0.308767743	0	0.014842883
PRJNA922564	SRR23076013	0.216813767	0.427279931	0.337616005	0	0.018290297
PRJNA922564	SRR23076015	0.260409064	0.378706228	0.350564486	0	0.010320222
PRJNA922564	SRR23076017	0.177585264	0.448497745	0.354269543	0	0.019647449
PRJNA922564	SRR23076020	0.178717967	0.327633597	0.484230459	0	0.009417976
PRJNA922564	SRR23076022	0.119179697	0.303116682	0.561211462	0	0.016492158
PRJNA922564	SRR23076024	0.144097526	0.504804534	0.349310683	0	0.001787257
PRJNA922564	SRR23076026	0.127291607	0.586097365	0.283140721	0	0.003470307
PRJNA922564	SRR23076028	0.344762556	0.284965897	0.359629285	0	0.010642262
PRJNA922564	SRR23076030	0.186296617	0.324857091	0.480538547	0	0.008307745
PRJNA922564	SRR23076032	0.148016192	0.411744027	0.435305003	0	0.004934777
PRJNA922564	SRR23076034	0.206476782	0.352599506	0.419164531	0	0.021759181
PRJNA922564	SRR23076036	0.137891113	0.366165347	0.488949361	0	0.006994179
PRJNA922564	SRR23076038	0.154218428	0.436987493	0.387713574	0	0.021080504
PRJNA922564	SRR23076040	0.250779741	0.380170614	0.351235851	0	0.017813794
PRJNA922564	SRR23076041	0.215339859	0.391464537	0.385574505	0	0.0076211
PRJNA922564	SRR23076043	0.169853648	0.447643893	0.378690457	0	0.003812003
PRJNA922564	SRR23076045	0.113456745	0.45091972	0.410593382	0	0.025030153
PRJNA922564	SRR23076047	0.429343896	0.256861716	0.300215491	0	0.013578897
PRJNA922564	SRR23076048	0.115581837	0.590064808	0.291234109	0	0.003119245
PRJNA922564	SRR23076050	0.178170604	0.403311052	0.408512022	0	0.010006323
PRJNA922564	SRR23076052	0.317287378	0.354468244	0.322063543	0	0.006180835
PRJNA922564	SRR23076054	0.288254577	0.27111427	0.432247991	0	0.008383163
PRJNA922564	SRR23076056	0.196052594	0.372433916	0.424787239	0	0.006726251
PRJNA922564	SRR23076059	0.219185758	0.349080688	0.41906028	0	0.012673274
PRJNA922564	SRR23076061	0.255498633	0.268441785	0.462256587	0	0.013802996
PRJNA922564	SRR23076063	0.19779562	0.32286937	0.467242884	0	0.012092127
PRJNA922564	SRR23076065	0.202965444	0.403364997	0.380687087	0	0.012982473
PRJNA922564	SRR23076067	0.237637834	0.322439363	0.422389943	0	0.01753286
PRJNA922564	SRR23076069	0.237939355	0.278171572	0.465632217	0	0.018256855
PRJNA922564	SRR23076070	0.211433274	0.332249134	0.442238126	0	0.014079466
PRJNA922564	SRR23076074	0.190354015	0.403933791	0.394355601	0	0.011356593
PRJNA922564	SRR23076076	0.16130504	0.352144371	0.475877292	0	0.010673297
PRJNA922564	SRR23076078	0.164082206	0.423086367	0.404569678	0	0.008261749
PRJNA922564	SRR23076080	0.172418855	0.469080821	0.336618355	0	0.02188197
PRJNA922564	SRR23076082	0.238918916	0.371821644	0.37928055	0	0.00997889
PRJNA922564	SRR23076083	0.135814057	0.454147517	0.401901898	0	0.008136529
PRJNA922564	SRR23076084	0.152495368	0.231366936	0.603167417	0	0.012970279
PRJNA922564	SRR23076087	0.235092722	0.413031961	0.341334215	0	0.010541101
PRJNA922564	SRR23076089	0.206786679	0.39619829	0.378885438	0	0.018129593
PRJNA922564	SRR23076091	0.1611976	0.442770117	0.385819764	0	0.010212519
PRJNA922564	SRR23076093	0.147738326	0.432484973	0.413292057	0	0.006484644
PRJNA922564	SRR23076095	0.217128631	0.448993966	0.322583364	0	0.011294038
PRJNA922564	SRR23076097	0.169141703	0.418977817	0.400842921	0	0.011037559
PRJNA922564	SRR23076100	0.166079788	0.430920226	0.387297978	0	0.015702008
PRJNA922564	SRR23076102	0.183582634	0.495068888	0.310411829	0	0.01093665
PRJNA922564	SRR23076104	0.122424584	0.4906223	0.373431366	0	0.01352175
PRJNA922564	SRR23076106	0.217119198	0.452309739	0.324153818	0	0.006417246
PRJNA922564	SRR23076108	0.168209461	0.394323568	0.418787424	0	0.018679547
PRJNA922564	SRR23076110	0.238061266	0.316933128	0.433730302	0	0.011275304
PRJNA922564	SRR23076111	0.201573449	0.396916678	0.39023874	0	0.011271134
PRJNA922564	SRR23076113	0.115387433	0.407526191	0.472517939	0	0.004568438
PRJNA922564	SRR23076115	0.18114389	0.361933961	0.443887966	0	0.013034183
PRJNA922564	SRR23076117	0.172808477	0.45706294	0.36489133	0	0.005237252
PRJNA922564	SRR23076120	0.213961665	0.260430444	0.514431307	0	0.011176585
PRJNA922564	SRR23076122	0.121910343	0.434948462	0.437229765	0	0.00591143
PRJNA922564	SRR23076124	0.10274599	0.485021021	0.391565335	0	0.020667654
PRJNA922564	SRR23076126	0.31535899	0.436246661	0.234574805	0	0.013819545
PRJNA922564	SRR23076128	0.212696393	0.391265835	0.381646367	0	0.014391405
PRJNA922564	SRR23076130	0.329261211	0.311734802	0.34928213	0	0.009721857
PRJNA922564	SRR23076131	0.327765571	0.402549266	0.255540661	0	0.014144502
PRJNA922564	SRR23076133	0.372125776	0.312156491	0.303292394	0	0.012425339
PRJNA922564	SRR23076135	0.197587032	0.392688242	0.394826754	0	0.014897972
PRJNA922564	SRR23076137	0.296780401	0.351034369	0.34032743	0	0.0118578
PRJNA922564	SRR23076139	0.139422769	0.442616349	0.387159446	0	0.030801435
PRJNA922564	SRR23076142	0.214349659	0.433394322	0.344778864	0	0.007477156
PRJNA922564	SRR23076144	0.207391829	0.314948137	0.463430174	0	0.01422986
PRJNA922564	SRR23076146	0.203808754	0.286391427	0.497644999	0	0.01215482
PRJNA922564	SRR23076148	0.100880109	0.382206696	0.496853087	0	0.020060108
PRJNA922564	SRR23076150	0.191755255	0.325075467	0.46449124	0	0.018678037
PRJNA922564	SRR23076152	0.234339485	0.203765545	0.551479336	0	0.010415635
PRJNA922564	SRR23076153	0.163134849	0.355275165	0.472133582	0	0.009456404
PRJNA922564	SRR23076155	0.147425222	0.489556182	0.352922183	0	0.010096413
PRJNA922564	SRR23076157	0.183800132	0.360008986	0.441682989	0	0.014507893
PRJNA922564	SRR23076159	0.170883707	0.320414401	0.48900328	0	0.019698612
PRJNA922564	SRR23076161	0.313591866	0.236981931	0.437655355	0	0.011770848
PRJNA922564	SRR23076162	0.273108759	0.366399134	0.34790203	0	0.012590077
PRJNA922564	SRR23076164	0.282857449	0.212668893	0.485046118	0	0.019427541
PRJNA922564	SRR23076166	0.179915798	0.312791496	0.498923523	0	0.008369183
PRJNA922564	SRR23076168	0.206760505	0.213244771	0.564854543	0	0.015140181
PRJNA922564	SRR23076170	0.19214995	0.275869188	0.518875721	0	0.01310514
PRJNA922564	SRR23076173	0.140827797	0.172692675	0.683187	0	0.003292528
PRJNA922564	SRR23076175	0.27953936	0.269169077	0.441489828	0	0.009801736
PRJNA922564	SRR23076177	0.192817449	0.52891139	0.271295886	0	0.006975275
PRJNA922564	SRR23076179	0.181582056	0.239306144	0.565007613	0	0.014104188
PRJNA922564	SRR23076181	0.189418499	0.497989206	0.299275309	0	0.013316986
PRJNA922564	SRR23076183	0.378604162	0.30176529	0.310020928	0	0.00960962
PRJNA922564	SRR23076184	0.213146579	0.272347553	0.501171169	0	0.013334699
PRJNA922564	SRR23076186	0.137043339	0.307220739	0.548797247	0	0.006938675
PRJNA922564	SRR23076188	0.214635747	0.461198421	0.311126832	0	0.013039001
PRJNA922564	SRR23076190	0.220039243	0.374277671	0.398398582	0	0.007284503
PRJNA922564	SRR23076206	0.267502017	0.391497969	0.330083107	0	0.010916907
PRJNA922564	SRR23076209	0.198375693	0.374089438	0.416066809	0	0.011468061
PRJNA922564	SRR23076212	0.188940438	0.456646837	0.346822701	0	0.007590024
PRJNA922564	SRR23076214	0.335483467	0.2920801	0.366156967	0	0.006279467
PRJNA922564	SRR23076216	0.461189278	0.249587736	0.283381514	0	0.005841472
PRJNA922564	SRR23076218	0.295714599	0.329242349	0.366360826	0	0.008682225
PRJNA922564	SRR23076220	0.169039522	0.552298259	0.271205977	0	0.007456243
PRJNA922564	SRR23076222	0.338950764	0.259305306	0.391215313	0	0.010528616
PRJNA922564	SRR23076223	0.319205953	0.324075721	0.348913696	0	0.007804631
PRJNA922564	SRR23076225	0.224702756	0.249861988	0.510479308	0	0.014955949
PRJNA922564	SRR23076227	0.158034598	0.339074344	0.494015653	0	0.008875406
PRJNA922564	SRR23076229	0.184245476	0.291557298	0.518146144	0	0.006051082
PRJNA922564	SRR23076231	0.19235991	0.305674347	0.494771481	0	0.007194262
PRJNA922564	SRR23076234	0.213003243	0.33725566	0.43704981	0	0.012691288
PRJNA922564	SRR23076236	0.222824368	0.405808862	0.361804715	0	0.009562055
PRJNA922564	SRR23076238	0.215657699	0.399471734	0.382452064	0	0.002418503
PRJNA922564	SRR23076240	0.19661044	0.473130737	0.321451749	0	0.008807074
PRJNA922564	SRR23076242	0.28567268	0.339708584	0.358801033	0	0.015817703
PRJNA922564	SRR23076245	0.195206834	0.411874338	0.382202581	0	0.010716247
PRJNA922564	SRR23076247	0.210964473	0.408288668	0.369175309	0	0.01157155
PRJNA922564	SRR23076249	0.196925812	0.447248932	0.342344352	0	0.013480904
PRJNA922564	SRR23076251	0.199766121	0.378424368	0.415561267	0	0.006248244
PRJNA922564	SRR23076253	0.189636988	0.366956149	0.434204859	0	0.009202004
PRJNA922564	SRR23076255	0.240419538	0.403224853	0.341136297	0	0.015219312
PRJNA922564	SRR23076256	0.138279092	0.368741384	0.471493021	0	0.021486503
PRJNA922564	SRR23076258	0.151160142	0.344134764	0.487317956	0	0.017387138
PRJNA922564	SRR23076260	0.360066756	0.28495268	0.341869173	0	0.013111391
PRJNA922564	SRR23076262	0.368268098	0.31866382	0.30501084	0	0.008057242
PRJNA922564	SRR23076264	0.158474894	0.232208235	0.599928434	0	0.009388437
PRJNA922564	SRR23076267	0.332113012	0.358124907	0.298775747	0	0.010986334
PRJNA922564	SRR23076269	0.24213405	0.486471372	0.263014182	0	0.008380395
PRJNA922564	SRR23076271	0.20833827	0.439552966	0.342970303	0	0.009138461
PRJNA922564	SRR23076273	0.234607365	0.262545615	0.491361845	0	0.011485176
PRJNA922564	SRR23076275	0.136441782	0.507733702	0.346712309	0	0.009112207
PRJNA922564	SRR23076276	0.125182716	0.522719554	0.34252974	0	0.00956799
PRJNA922564	SRR23076279	0.29426912	0.444094976	0.254009916	0	0.007625989
PRJNA922564	SRR23076280	0.108663298	0.465358682	0.418641594	0	0.007336426
PRJNA922564	SRR23076282	0.228560323	0.360733092	0.400964658	0	0.009741927
PRJNA926791	SRR23225667	0.117077563	0.328465397	0.384153276	0.039271602	0.131032162
PRJNA926791	SRR23225669	0.07163816	0.275765489	0.475576176	0.04324115	0.133779026
PRJNA926791	SRR23225671	0.059669957	0.253757793	0.468033703	0.027994092	0.190544455
PRJNA926791	SRR23225673	0.005869215	0.377709927	0.434593654	0.016246467	0.165580736
PRJNA926791	SRR23225675	0.012242884	0.288090219	0.515720396	0.006833531	0.17711297
PRJNA926791	SRR23225676	0.090148521	0.12904896	0.539922931	0.030126272	0.210753316
PRJNA926791	SRR23225678	0.001305703	0.199067418	0.588552338	0.03432345	0.176751092
PRJNA926791	SRR23225680	0.019312788	0.208617214	0.511323099	0.01003319	0.250713709
PRJNA926791	SRR23225682	0.02905449	0.24106596	0.474214001	0.019244113	0.236421436
PRJNA926791	SRR23225684	0.009043855	0.25957977	0.515832218	0.015622085	0.199922072
PRJNA926791	SRR23225686	0.012982364	0.173211236	0.590461173	0.029032244	0.194312983
PRJNA926791	SRR23225687	0.056834133	0.247353666	0.533631062	0.014391052	0.147790087
PRJNA926791	SRR23225689	0.040695093	0.237365018	0.523751164	0.021034612	0.177154112
PRJNA926791	SRR23225691	0.077493907	0.186008758	0.471066516	0.005915029	0.25951579
PRJNA926791	SRR23225693	0.01298485	0.207935062	0.554918544	0.026426431	0.197735113
PRJNA926791	SRR23225695	0.028457614	0.252970847	0.47298835	0.008594674	0.236988516
PRJNA926791	SRR23225697	0.012548816	0.251195094	0.40540684	0.029672871	0.301176378
PRJNA926791	SRR23225698	0.037314788	0.186624986	0.509244622	0.023327463	0.243488141
PRJNA926791	SRR23225699	0.021951003	0.203990985	0.525232198	0.016593072	0.232232742
PRJNA926791	SRR23225701	0.021097836	0.19079505	0.509848226	0.009217918	0.26904097
PRJNA926791	SRR23225702	0.021403248	0.216709673	0.504106589	0.013892825	0.243887665
PRJNA926791	SRR23225703	0.117034873	0.237046145	0.412119564	0.016169053	0.217630365
PRJNA926791	SRR23225705	0.093498631	0.332130928	0.32923114	0.011147416	0.233991885
PRJNA926791	SRR23225707	0.017279039	0.233129165	0.492028914	0.008852924	0.248709959
PRJNA926791	SRR23225710	0.012872614	0.301310287	0.427203596	0.004034284	0.254579219
PRJNA926791	SRR23225712	0.032134873	0.200799345	0.502990595	0.024068736	0.240006452
PRJNA926791	SRR23225714	0.036509095	0.115262813	0.622806438	0.013432143	0.211989511
PRJNA926791	SRR23225716	0.073297827	0.242513999	0.409350682	0.01402246	0.260815032
PRJNA926791	SRR23225718	0.05427491	0.242190884	0.516438697	0.02572621	0.161369299
PRJNA926791	SRR23225719	0.005056078	0.113868609	0.591815433	0.047355855	0.241904025
PRJNA926791	SRR23225721	0.02603591	0.344301579	0.347966963	0.011165546	0.270530002
PRJNA926791	SRR23225723	0.02905411	0.316121333	0.420147921	0.014639456	0.220037181
PRJNA926791	SRR23225725	0.020387138	0.240181794	0.526151267	0.021932296	0.191347506
PRJNA926791	SRR23225727	0.091332106	0.215988928	0.454122099	0.016795525	0.221761343
PRJNA926791	SRR23225729	0.037347344	0.189538405	0.498609606	0.021910094	0.252594551
PRJNA926791	SRR23225732	0.020624846	0.239823621	0.409683136	0.016351965	0.313516432
PRJNA926791	SRR23225734	0.01781737	0.299059877	0.355341134	0.01253552	0.315246099
PRJNA926791	SRR23225736	0.017275176	0.301956978	0.402728634	0.006631033	0.271408179
PRJNA926791	SRR23225738	0.013911378	0.151029268	0.571349465	0.020328358	0.243381532
PRJNA926791	SRR23225740	0.089410033	0.191203262	0.433737795	0.016114626	0.269534284
PRJNA926791	SRR23225741	0.020918439	0.342808535	0.319042387	0.009082137	0.308148502